2000
5
999983 999979 999961 999959 999953
5
999931 999917 999907 999883 999863
5
999853 999809 999773 999769 999763
5
999749 999727 999721 999683 999671
5
999667 999653 999631 999623 999613
5
999611 999599 999563 999553 999541
5
999529 999521 999499 999491 999451
5
999437 999433 999431 999389 999377
5
999371 999359 999331 999329 999307
5
999287 999269 999239 999233 999221
5
999217 999199 999181 999169 999149
5
999133 999101 999091 999083 999067
5
999049 999043 999029 999023 999007
5
998989 998983 998969 998957 998951
5
998947 998941 998927 998917 998909
5
998897 998861 998857 998843 998839
5
998831 998819 998813 998779 998759
5
998749 998743 998737 998717 998689
5
998687 998681 998653 998651 998633
5
998629 998623 998617 998561 998551
5
998539 998537 998527 998513 998497
5
998471 998443 998429 998423 998419
5
998411 998399 998381 998377 998353
5
998329 998311 998287 998281 998273
5
998243 998237 998219 998213 998201
5
998197 998167 998161 998147 998117
5
998111 998083 998077 998071 998069
5
998029 998027 998017 998009 997991
5
997973 997963 997961 997949 997933
5
997897 997891 997889 997879 997877
5
997813 997811 997807 997793 997783
5
997769 997751 997741 997739 997727
5
997699 997693 997681 997663 997651
5
997649 997637 997627 997609 997597
5
997589 997583 997573 997553 997547
5
997541 997511 997463 997453 997439
5
997433 997427 997391 997379 997369
5
997357 997343 997333 997327 997319
5
997309 997307 997279 997273 997267
5
997259 997247 997219 997207 997201
5
997163 997153 997151 997147 997141
5
997123 997121 997111 997109 997103
5
997099 997097 997091 997081 997069
5
997057 997043 997037 997021 997019
5
997013 997001 996979 996973 996967
5
996953 996899 996887 996883 996881
5
996871 996859 996857 996847 996841
5
996811 996803 996781 996763 996739
5
996703 996689 996649 996647 996637
5
996631 996629 996617 996601 996599
5
996571 996563 996551 996539 996529
5
996511 996487 996461 996431 996409
5
996407 996403 996367 996361 996329
5
996323 996311 996301 996293 996271
5
996263 996257 996253 996211 996209
5
996197 996187 996173 996169 996167
5
996161 996157 996143 996119 996109
5
996103 996067 996049 996019 996011
5
996001 995989 995987 995983 995959
5
995957 995941 995927 995909 995903
5
995887 995881 995833 995801 995791
5
995783 995747 995737 995719 995713
5
995699 995677 995669 995663 995651
5
995641 995623 995611 995593 995591
5
995587 995573 995567 995551 995549
5
995539 995531 995513 995471 995461
5
995447 995443 995431 995399 995387
5
995381 995377 995369 995363 995347
5
995341 995339 995329 995327 995303
5
995273 995243 995237 995227 995219
5
995173 995167 995147 995119 995117
5
995081 995053 995051 995023 995009
5
994997 994991 994963 994949 994933
5
994927 994913 994907 994901 994879
5
994871 994867 994853 994837 994831
5
994817 994813 994811 994793 994769
5
994751 994723 994717 994711 994709
5
994699 994691 994667 994663 994657
5
994621 994603 994583 994579 994571
5
994561 994559 994549 994501 994489
5
994471 994457 994453 994447 994417
5
994393 994391 994369 994363 994339
5
994337 994321 994319 994309 994307
5
994303 994297 994271 994249 994247
5
994241 994237 994229 994199 994193
5
994183 994181 994163 994141 994093
5
994087 994073 994069 994067 994051
5
994039 994027 994013 993997 993983
5
993977 993961 993943 993919 993913
5
993907 993893 993887 993869 993851
5
993841 993827 993823 993821 993793
5
993781 993779 993763 993703 993689
5
993683 993679 993647 993617 993611
5
993589 993557 993541 993527 993493
5
993481 993479 993467 993451 993437
5
993431 993407 993401 993397 993367
5
993341 993323 993319 993287 993283
5
993269 993253 993247 993241 993233
5
993217 993211 993203 993199 993197
5
993169 993137 993121 993107 993103
5
993079 993053 993049 993037 993011
5
993001 992983 992963 992947 992941
5
992923 992917 992903 992891 992867
5
992863 992861 992857 992843 992819
5
992809 992801 992777 992737 992723
5
992707 992701 992689 992659 992633
5
992623 992609 992603 992591 992561
5
992549 992539 992521 992513 992461
5
992449 992441 992437 992429 992417
5
992393 992371 992363 992359 992357
5
992317 992309 992281 992269 992267
5
992263 992249 992231 992219 992183
5
992179 992153 992141 992129 992113
5
992111 992087 992051 992023 992021
5
992011 991999 991987 991981 991979
5
991973 991961 991957 991951 991943
5
991931 991927 991909 991901 991889
5
991883 991873 991871 991867 991817
5
991811 991777 991751 991741 991733
5
991723 991717 991703 991693 991663
5
991651 991643 991633 991621 991619
5
991607 991603 991579 991567 991547
5
991541 991531 991511 991499 991493
5
991483 991453 991447 991429 991427
5
991409 991387 991381 991357 991343
5
991327 991313 991273 991261 991229
5
991223 991217 991201 991187 991181
5
991171 991147 991129 991127 991091
5
991079 991073 991069 991063 991057
5
991043 991037 991031 991027 991009
5
990989 990973 990967 990961 990953
5
990923 990917 990893 990889 990887
5
990881 990851 990841 990809 990799
5
990797 990767 990761 990733 990719
5
990707 990673 990643 990637 990631
5
990599 990593 990589 990559 990547
5
990529 990523 990511 990503 990497
5
990487 990469 990463 990397 990389
5
990383 990377 990371 990361 990359
5
990349 990331 990329 990323 990313
5
990307 990293 990289 990287 990281
5
990277 990259 990239 990211 990181
5
990179 990169 990163 990151 990137
5
990053 990043 990037 990023 990013
5
990001 989999 989981 989977 989971
5
989959 989951 989939 989929 989921
5
989917 989909 989887 989873 989869
5
989839 989837 989831 989827 989803
5
989797 989783 989777 989761 989753
5
989749 989743 989719 989687 989671
5
989663 989647 989641 989629 989623
5
989581 989579 989561 989557 989533
5
989507 989479 989477 989467 989441
5
989423 989419 989411 989381 989377
5
989353 989347 989341 989327 989323
5
989321 989309 989293 989279 989251
5
989249 989239 989231 989173 989171
5
989123 989119 989099 989081 989071
5
989059 989029 989011 988979 988963
5
988951 988937 988909 988901 988877
5
988861 988859 988849 988837 988829
5
988789 988783 988763 988759 988733
5
988727 988711 988693 988681 988661
5
988651 988649 988643 988607 988591
5
988583 988579 988577 988571 988549
5
988541 988511 988501 988489 988483
5
988459 988453 988439 988417 988409
5
988367 988357 988343 988321 988319
5
988313 988297 988279 988271 988243
5
988237 988231 988219 988217 988213
5
988199 988157 988147 988129 988111
5
988109 988093 988069 988067 988061
5
988051 988033 988021 988007 987997
5
987991 987983 987979 987971 987941
5
987929 987913 987911 987869 987851
5
987821 987809 987803 987797 987793
5
987739 987713 987697 987659 987631
5
987607 987599 987593 987587 987559
5
987541 987533 987523 987509 987491
5
987473 987463 987457 987433 987391
5
987383 987361 987353 987313 987299
5
987293 987251 987227 987211 987209
5
987199 987193 987191 987143 987127
5
987101 987097 987089 987083 987079
5
987067 987061 987053 987043 987029
5
987023 987013 986989 986983 986981
5
986963 986959 986941 986933 986929
5
986927 986903 986857 986851 986849
5
986837 986819 986813 986801 986779
5
986767 986759 986749 986737 986729
5
986719 986717 986707 986693 986659
5
986641 986633 986617 986599 986597
5
986593 986581 986569 986567 986563
5
986543 986533 986519 986509 986507
5
986497 986477 986471 986437 986429
5
986417 986411 986369 986351 986339
5
986333 986287 986281 986267 986257
5
986239 986213 986207 986197 986191
5
986189 986177 986149 986147 986143
5
986137 986131 986113 986101 986071
5
986053 986047 986023 985997 985993
5
985991 985981 985979 985973 985969
5
985951 985937 985921 985903 985877
5
985871 985867 985819 985807 985799
5
985783 985781 985759 985741 985729
5
985723 985709 985703 985679 985667
5
985657 985639 985631 985613 985601
5
985597 985571 985547 985531 985529
5
985519 985499 985493 985487 985483
5
985471 985463 985451 985447 985433
5
985417 985403 985399 985379 985351
5
985339 985331 985307 985301 985291
5
985279 985277 985253 985219 985213
5
985181 985177 985151 985129 985121
5
985109 985097 985079 985063 985057
5
985027 985013 985007 985003 984959
5
984947 984931 984923 984917 984913
5
984911 984881 984877 984859 984853
5
984847 984817 984761 984757 984749
5
984733 984707 984703 984701 984689
5
984667 984617 984611 984593 984587
5
984583 984563 984541 984539 984497
5
984491 984481 984461 984457 984437
5
984427 984421 984413 984407 984397
5
984391 984383 984367 984359 984353
5
984349 984341 984337 984329 984323
5
984307 984301 984299 984253 984241
5
984211 984199 984167 984149 984127
5
984121 984119 984091 984083 984059
5
984047 984037 984017 984007 983993
5
983987 983951 983929 983923 983911
5
983881 983863 983861 983849 983819
5
983813 983809 983803 983791 983789
5
983783 983777 983771 983737 983701
5
983699 983659 983617 983597 983581
5
983579 983557 983533 983531 983527
5
983519 983513 983491 983461 983449
5
983447 983443 983441 983431 983429
5
983407 983377 983371 983363 983347
5
983329 983327 983317 983299 983267
5
983261 983243 983239 983233 983209
5
983197 983189 983179 983173 983153
5
983149 983141 983131 983123 983119
5
983113 983083 983069 983063 982981
5
982973 982967 982939 982931 982909
5
982903 982871 982867 982847 982843
5
982841 982829 982819 982801 982789
5
982783 982777 982769 982759 982741
5
982703 982697 982693 982687 982643
5
982633 982621 982613 982603 982589
5
982577 982573 982571 982559 982493
5
982489 982453 982403 982393 982381
5
982363 982351 982343 982339 982337
5
982321 982301 982273 982271 982231
5
982217 982213 982211 982187 982183
5
982171 982151 982147 982133 982117
5
982103 982099 982097 982087 982067
5
982063 982061 982057 982021 981983
5
981979 981961 981949 981947 981941
5
981919 981913 981889 981887 981823
5
981817 981811 981809 981797 981769
5
981731 981713 981707 981703 981697
5
981691 981683 981653 981637 981623
5
981601 981599 981587 981577 981569
5
981527 981523 981517 981493 981481
5
981473 981467 981451 981443 981439
5
981437 981419 981397 981391 981377
5
981373 981319 981311 981301 981289
5
981287 981283 981271 981263 981241
5
981221 981209 981199 981187 981173
5
981151 981139 981137 981133 981091
5
981077 981073 981067 981061 981049
5
981037 981023 981017 981011 980999
5
980963 980957 980921 980911 980909
5
980899 980897 980893 980887 980851
5
980831 980827 980803 980801 980773
5
980731 980729 980719 980717 980711
5
980689 980687 980677 980641 980621
5
980599 980593 980591 980587 980579
5
980557 980549 980503 980491 980489
5
980471 980459 980449 980431 980423
5
980417 980401 980393 980377 980363
5
980327 980321 980299 980293 980261
5
980249 980219 980197 980179 980173
5
980159 980149 980137 980131 980117
5
980107 980081 980071 980069 980047
5
980027 979987 979969 979949 979921
5
979919 979907 979889 979883 979873
5
979831 979819 979807 979787 979757
5
979747 979717 979709 979691 979651
5
979567 979553 979549 979543 979541
5
979529 979519 979481 979471 979457
5
979439 979423 979403 979379 979373
5
979369 979361 979343 979337 979333
5
979327 979313 979291 979283 979273
5
979261 979229 979219 979211 979207
5
979201 979189 979177 979171 979163
5
979159 979117 979109 979103 979093
5
979063 979061 979037 979031 979009
5
979001 978997 978973 978947 978931
5
978917 978907 978883 978871 978863
5
978853 978851 978839 978821 978799
5
978797 978773 978749 978743 978727
5
978713 978697 978689 978683 978647
5
978643 978619 978617 978611 978599
5
978569 978541 978521 978511 978491
5
978479 978473 978463 978457 978449
5
978427 978413 978403 978389 978359
5
978349 978347 978343 978337 978323
5
978287 978283 978277 978269 978239
5
978233 978223 978217 978209 978203
5
978181 978179 978157 978151 978149
5
978113 978091 978079 978077 978073
5
978071 978067 978053 978049 978041
5
978037 978031 978017 978011 978007
5
978001 977971 977927 977923 977897
5
977881 977861 977849 977831 977819
5
977813 977803 977791 977761 977747
5
977723 977719 977693 977681 977671
5
977629 977611 977609 977593 977591
5
977567 977539 977521 977513 977507
5
977447 977437 977413 977411 977407
5
977369 977363 977359 977357 977351
5
977323 977299 977269 977257 977243
5
977239 977233 977209 977203 977191
5
977183 977167 977149 977147 977107
5
977087 977069 977057 977047 977023
5
977021 976991 976957 976951 976933
5
976919 976909 976883 976853 976849
5
976823 976817 976799 976777 976727
5
976721 976709 976699 976669 976643
5
976639 976637 976621 976607 976601
5
976571 976561 976559 976553 976537
5
976513 976501 976489 976483 976477
5
976471 976457 976453 976447 976439
5
976411 976403 976369 976351 976309
5
976307 976303 976301 976279 976271
5
976253 976231 976211 976193 976187
5
976177 976147 976127 976117 976109
5
976103 976093 976091 976039 976033
5
976013 976009 975991 975977 975967
5
975943 975941 975907 975901 975899
5
975883 975869 975857 975847 975827
5
975823 975811 975803 975797 975743
5
975739 975731 975701 975691 975671
5
975661 975649 975643 975629 975619
5
975599 975581 975553 975551 975523
5
975521 975509 975497 975493 975463
5
975439 975433 975427 975421 975389
5
975383 975379 975367 975343 975323
5
975313 975287 975281 975277 975263
5
975259 975257 975217 975199 975193
5
975187 975181 975157 975151 975133
5
975089 975083 975071 975053 975049
5
975017 975011 974999 974989 974983
5
974977 974971 974969 974959 974957
5
974927 974923 974891 974887 974879
5
974873 974867 974863 974861 974849
5
974837 974821 974819 974803 974773
5
974761 974749 974747 974737 974713
5
974711 974707 974657 974653 974651
5
974599 974591 974581 974563 974557
5
974551 974539 974537 974531 974513
5
974507 974497 974489 974473 974459
5
974443 974437 974431 974419 974417
5
974411 974401 974387 974383 974359
5
974329 974317 974293 974279 974273
5
974269 974261 974249 974213 974189
5
974179 974177 974167 974161 974159
5
974147 974143 974137 974123 974107
5
974089 974063 974053 974041 974033
5
974009 974003 973957 973919 973901
5
973897 973891 973853 973837 973823
5
973813 973801 973789 973787 973781
5
973759 973757 973727 973691 973681
5
973669 973657 973631 973597 973591
5
973561 973547 973537 973529 973523
5
973487 973459 973439 973421 973411
5
973409 973397 973387 973373 973367
5
973333 973331 973321 973289 973283
5
973279 973277 973253 973213 973187
5
973177 973169 973151 973129 973099
5
973081 973073 973069 973067 973057
5
973051 973033 973031 973003 973001
5
972991 972977 972967 972943 972941
5
972901 972899 972887 972869 972847
5
972833 972827 972823 972799 972793
5
972787 972721 972701 972683 972679
5
972661 972649 972637 972623 972613
5
972611 972599 972581 972577 972557
5
972533 972493 972481 972473 972469
5
972443 972431 972427 972409 972407
5
972403 972373 972353 972347 972343
5
972337 972329 972319 972313 972277
5
972271 972263 972259 972229 972227
5
972221 972199 972197 972163 972161
5
972137 972133 972131 972121 972119
5
972113 972091 972079 972071 972047
5
972031 972029 972017 972001 971989
5
971981 971977 971959 971951 971939
5
971933 971921 971917 971903 971899
5
971863 971857 971851 971833 971821
5
971783 971767 971759 971753 971723
5
971713 971699 971693 971683 971653
5
971651 971639 971591 971569 971563
5
971561 971549 971521 971513 971501
5
971491 971483 971479 971473 971441
5
971429 971419 971401 971389 971387
5
971381 971371 971357 971353 971339
5
971309 971291 971281 971279 971273
5
971263 971251 971237 971207 971197
5
971177 971171 971153 971149 971143
5
971141 971111 971099 971093 971077
5
971063 971053 971051 971039 971029
5
971027 971021 970999 970997 970987
5
970969 970967 970961 970943 970939
5
970927 970909 970903 970883 970877
5
970867 970861 970859 970847 970829
5
970817 970813 970799 970793 970789
5
970787 970777 970747 970721 970699
5
970687 970667 970657 970643 970633
5
970603 970583 970573 970561 970549
5
970537 970493 970481 970469 970457
5
970447 970441 970433 970423 970421
5
970391 970351 970313 970303 970297
5
970279 970267 970261 970259 970247
5
970237 970231 970219 970217 970213
5
970201 970147 970133 970111 970091
5
970087 970069 970063 970061 970051
5
970043 970031 970027 969989 969977
5
969929 969923 969919 969911 969907
5
969889 969877 969869 969863 969851
5
969821 969809 969797 969791 969767
5
969763 969757 969743 969721 969719
5
969713 969679 969677 969671 969667
5
969641 969637 969599 969593 969569
5
969559 969533 969509 969503 969497
5
969481 969467 969461 969457 969443
5
969433 969431 969421 969407 969403
5
969377 969359 969347 969343 969341
5
969301 969271 969259 969257 969253
5
969239 969233 969181 969179 969167
5
969139 969131 969113 969109 969097
5
969083 969071 969049 969041 969037
5
969011 968971 968963 968959 968939
5
968917 968911 968909 968897 968879
5
968857 968831 968827 968819 968809
5
968801 968761 968731 968729 968713
5
968699 968689 968663 968659 968647
5
968641 968593 968573 968567 968557
5
968537 968521 968519 968503 968501
5
968479 968467 968459 968437 968431
5
968423 968419 968389 968381 968377
5
968353 968333 968329 968321 968311
5
968299 968291 968273 968267 968263
5
968251 968239 968237 968213 968197
5
968173 968159 968147 968141 968137
5
968117 968113 968111 968101 968089
5
968063 968041 968027 968021 968017
5
968003 967999 967979 967961 967951
5
967937 967931 967919 967903 967877
5
967873 967859 967847 967843 967831
5
967823 967819 967787 967781 967763
5
967753 967751 967739 967721 967709
5
967699 967693 967667 967663 967627
5
967607 967583 967567 967529 967511
5
967507 967501 967493 967481 967459
5
967451 967441 967429 967427 967397
5
967391 967363 967361 967349 967333
5
967327 967321 967319 967297 967289
5
967261 967259 967229 967201 967171
5
967139 967129 967111 967061 967049
5
967019 967003 966997 966991 966971
5
966961 966937 966923 966919 966913
5
966907 966893 966883 966871 966869
5
966863 966817 966803 966781 966751
5
966727 966677 966661 966659 966653
5
966631 966619 966617 966613 966583
5
966557 966547 966527 966521 966509
5
966499 966491 966481 966463 966439
5
966431 966419 966409 966401 966389
5
966379 966377 966373 966353 966347
5
966337 966323 966319 966313 966307
5
966293 966271 966257 966241 966233
5
966227 966221 966211 966209 966197
5
966191 966157 966149 966139 966113
5
966109 966041 966029 966013 966011
5
965989 965983 965969 965963 965953
5
965927 965893 965857 965851 965843
5
965801 965791 965779 965777 965773
5
965759 965749 965711 965677 965659
5
965647 965639 965623 965621 965611
5
965603 965567 965551 965533 965519
5
965507 965491 965483 965467 965453
5
965443 965429 965423 965411 965407
5
965401 965399 965369 965357 965329
5
965317 965303 965291 965267 965249
5
965233 965227 965201 965197 965191
5
965189 965179 965177 965171 965161
5
965147 965131 965117 965113 965101
5
965089 965087 965059 965047 965023
5
964981 964973 964969 964967 964939
5
964933 964927 964913 964897 964889
5
964883 964879 964871 964861 964829
5
964823 964793 964787 964783 964757
5
964753 964721 964703 964697 964693
5
964679 964661 964637 964609 964589
5
964583 964577 964571 964559 964531
5
964519 964517 964507 964501 964499
5
964463 964433 964423 964417 964373
5
964363 964357 964351 964339 964333
5
964309 964303 964297 964289 964283
5
964267 964261 964259 964253 964219
5
964217 964213 964207 964199 964153
5
964151 964133 964097 964081 964049
5
964039 964027 964021 964009 963979
5
963973 963943 963913 963901 963899
5
963877 963871 963863 963847 963841
5
963839 963817 963811 963799 963793
5
963779 963763 963761 963751 963731
5
963719 963709 963707 963701 963691
5
963689 963667 963659 963653 963643
5
963629 963607 963601 963581 963559
5
963499 963497 963491 963481 963461
5
963427 963419 963397 963379 963367
5
963349 963343 963341 963331 963323
5
963311 963301 963299 963283 963253
5
963241 963239 963227 963223 963211
5
963191 963187 963181 963173 963163
5
963143 963121 963103 963097 963047
5
963043 963031 963019 962993 962971
5
962963 962959 962921 962911 962909
5
962903 962869 962867 962861 962839
5
962837 962807 962791 962789 962783
5
962779 962747 962743 962737 962683
5
962681 962677 962671 962669 962653
5
962627 962623 962617 962609 962603
5
962587 962569 962561 962543 962537
5
962509 962503 962497 962477 962471
5
962461 962459 962447 962441 962431
5
962417 962413 962363 962341 962309
5
962303 962267 962257 962243 962237
5
962233 962197 962177 962161 962131
5
962119 962099 962077 962063 962051
5
962041 962033 962011 962009 961993
5
961991 961981 961973 961957 961943
5
961937 961927 961879 961871 961861
5
961853 961847 961841 961817 961813
5
961811 961789 961783 961777 961769
5
961757 961747 961739 961733 961729
5
961703 961691 961687 961679 961663
5
961661 961657 961643 961637 961633
5
961627 961619 961613 961601 961567
5
961549 961547 961531 961529 961511
5
961507 961487 961459 961453 961451
5
961447 961427 961399 961397 961393
5
961339 961319 961313 961283 961277
5
961273 961243 961241 961201 961189
5
961187 961183 961159 961157 961151
5
961141 961139 961133 961123 961117
5
961109 961099 961097 961091 961087
5
961073 961069 961067 961063 961033
5
961021 961003 960991 960989 960983
5
960977 960961 960941 960937 960931
5
960889 960863 960833 960829 960809
5
960803 960793 960763 960737 960709
5
960703 960691 960677 960667 960649
5
960647 960643 960637 960601 960593
5
960587 960581 960569 960527 960523
5
960521 960499 960497 960493 960467
5
960419 960389 960383 960373 960353
5
960341 960331 960329 960299 960293
5
960259 960251 960229 960217 960199
5
960191 960173 960151 960139 960137
5
960131 960121 960119 960077 960059
5
960053 960049 960031 960019 960017
5
959969 959953 959947 959941 959927
5
959921 959911 959887 959879 959873
5
959869 959867 959863 959831 959809
5
959801 959779 959773 959759 959737
5
959723 959719 959689 959681 959677
5
959659 959627 959617 959603 959597
5
959579 959561 959533 959489 959479
5
959477 959473 959471 959467 959461
5
959449 959389 959383 959377 959369
5
959363 959351 959339 959333 959323
5
959279 959269 959267 959263 959237
5
959227 959219 959209 959207 959183
5
959173 959159 959149 959143 959131
5
959099 959093 959083 959009 958973
5
958967 958963 958957 958933 958931
5
958921 958901 958897 958883 958877
5
958871 958849 958843 958829 958819
5
958807 958787 958777 958739 958729
5
958693 958687 958679 958673 958669
5
958667 958637 958627 958609 958577
5
958553 958549 958547 958543 958541
5
958523 958519 958501 958499 958487
5
958481 958459 958439 958423 958393
5
958381 958369 958367 958361 958357
5
958351 958343 958339 958333 958327
5
958319 958313 958289 958261 958259
5
958213 958193 958183 958163 958159
5
958141 958123 958121 958063 958057
5
958051 958049 958043 958039 958021
5
958007 957991 957977 957959 957953
5
957949 957937 957917 957889 957877
5
957871 957851 957823 957821 957811
5
957773 957769 957751 957731 957721
5
957709 957703 957701 957659 957643
5
957641 957611 957601 957599 957587
5
957563 957557 957553 957547 957529
5
957499 957433 957431 957419 957413
5
957409 957403 957361 957349 957337
5
957331 957317 957289 957263 957247
5
957241 957221 957211 957193 957181
5
957169 957161 957139 957133 957119
5
957109 957107 957097 957091 957071
5
957059 957043 957041 957037 957031
5
956999 956993 956987 956953 956951
5
956941 956929 956909 956903 956881
5
956861 956849 956843 956831 956801
5
956789 956759 956749 956723 956713
5
956699 956689 956633 956617 956587
5
956569 956521 956513 956503 956477
5
956429 956401 956399 956393 956387
5
956383 956377 956357 956353 956341
5
956311 956303 956281 956273 956269
5
956261 956237 956231 956177 956147
5
956143 956119 956113 956107 956083
5
956057 956051 956003 955993 955991
5
955987 955967 955963 955957 955951
5
955939 955937 955919 955901 955891
5
955883 955879 955853 955841 955819
5
955813 955807 955793 955781 955777
5
955769 955729 955727 955711 955709
5
955697 955693 955657 955649 955613
5
955607 955601 955541 955511 955501
5
955483 955481 955477 955469 955457
5
955441 955439 955433 955391 955379
5
955363 955337 955333 955319 955313
5
955309 955307 955277 955271 955267
5
955261 955243 955223 955217 955211
5
955193 955183 955153 955147 955139
5
955127 955103 955093 955091 955063
5
955061 955051 955039 955037 954991
5
954979 954977 954973 954971 954929
5
954923 954917 954911 954871 954869
5
954857 954853 954851 954847 954829
5
954827 954763 954757 954743 954727
5
954719 954713 954697 954677 954671
5
954649 954641 954623 954619 954599
5
954571 954539 954517 954509 954497
5
954491 954469 954461 954451 954433
5
954409 954391 954379 954377 954367
5
954323 954319 954307 954287 954277
5
954269 954263 954259 954257 954253
5
954229 954221 954209 954203 954181
5
954167 954157 954139 954133 954131
5
954103 954097 954067 954043 954011
5
954007 954001 953987 953983 953977
5
953969 953941 953929 953923 953917
5
953881 953873 953861 953851 953831
5
953791 953789 953773 953747 953731
5
953707 953699 953681 953671 953651
5
953647 953639 953621 953593 953567
5
953551 953543 953539 953521 953507
5
953503 953501 953497 953483 953473
5
953443 953437 953431 953399 953347
5
953341 953333 953321 953297 953273
5
953261 953243 953237 953221 953191
5
953179 953171 953149 953131 953111
5
953093 953081 953077 953053 953041
5
953039 953023 952997 952981 952979
5
952967 952957 952943 952937 952933
5
952927 952921 952883 952877 952873
5
952859 952843 952829 952823 952813
5
952811 952789 952771 952753 952741
5
952739 952709 952691 952687 952681
5
952669 952667 952657 952649 952619
5
952597 952583 952573 952559 952547
5
952541 952513 952507 952487 952481
5
952439 952429 952423 952397 952381
5
952379 952363 952349 952313 952297
5
952291 952279 952277 952253 952247
5
952229 952219 952207 952199 952183
5
952169 952163 952151 952141 952129
5
952123 952117 952111 952097 952087
5
952073 952057 952037 952009 952001
5
951997 951967 951959 951943 951941
5
951911 951893 951887 951859 951851
5
951829 951803 951791 951787 951781
5
951749 951697 951689 951659 951649
5
951647 951641 951637 951623 951589
5
951583 951581 951571 951557 951553
5
951497 951491 951479 951469 951449
5
951437 951427 951413 951407 951389
5
951373 951367 951361 951343 951341
5
951331 951299 951283 951281 951277
5
951259 951221 951193 951161 951151
5
951131 951109 951107 951101 951091
5
951089 951079 951061 951059 951053
5
951047 951029 951023 951019 951001
5
950993 950959 950953 950947 950933
5
950927 950921 950879 950869 950867
5
950839 950837 950819 950813 950809
5
950791 950783 950753 950743 950737
5
950723 950717 950699 950693 950689
5
950681 950671 950647 950639 950633
5
950617 950611 950569 950557 950531
5
950527 950519 950507 950501 950497
5
950483 950479 950473 950461 950459
5
950447 950423 950401 950393 950363
5
950357 950347 950333 950329 950281
5
950269 950251 950239 950233 950231
5
950227 950221 950207 950179 950177
5
950161 950149 950111 950099 950083
5
950071 950041 950039 950029 950023
5
950009 949997 949987 949979 949973
5
949967 949961 949957 949951 949939
5
949937 949931 949903 949891 949889
5
949853 949849 949811 949789 949777
5
949771 949759 949733 949699 949691
5
949687 949673 949667 949651 949649
5
949643 949633 949631 949621 949609
5
949607 949589 949583 949567 949523
5
949517 949513 949477 949471 949453
5
949451 949441 949439 949427 949423
5
949409 949391 949387 949381 949307
5
949303 949261 949253 949243 949241
5
949213 949211 949171 949159 949153
5
949147 949129 949121 949111 949051
5
949043 949037 949033 949021 949019
5
949001 948989 948973 948971 948947
5
948943 948929 948907 948901 948887
5
948877 948853 948847 948839 948799
5
948797 948767 948749 948721 948713
5
948707 948671 948659 948593 948581
5
948557 948551 948547 948533 948517
5
948487 948469 948457 948449 948443
5
948439 948427 948407 948403 948401
5
948391 948377 948349 948331 948317
5
948293 948287 948281 948263 948253
5
948247 948187 948173 948169 948151
5
948149 948139 948133 948091 948089
5
948067 948061 948053 948049 948041
5
948029 948019 948007 947987 947963
5
947959 947927 947917 947911 947893
5
947873 947861 947857 947851 947833
5
947819 947803 947783 947773 947753
5
947747 947743 947741 947729 947719
5
947711 947707 947659 947651 947647
5
947641 947627 947621 947603 947579
5
947561 947539 947509 947501 947483
5
947449 947431 947423 947417 947413
5
947411 947407 947389 947383 947381
5
947377 947369 947357 947351 947341
5
947327 947299 947263 947239 947203
5
947197 947183 947171 947137 947129
5
947119 947083 947033 947027 946997
5
946993 946987 946969 946961 946949
5
946943 946931 946919 946901 946877
5
946873 946861 946859 946853 946823
5
946819 946801 946783 946769 946753
5
946741 946733 946727 946717 946697
5
946681 946669 946667 946663 946661
5
946607 946579 946573 946549 946513
5
946511 946507 946489 946487 946469
5
946459 946453 946417 946411 946397
5
946391 946369 946367 946331 946327
5
946307 946291 946273 946249 946223
5
946207 946193 946177 946163 946133
5
946123 946111 946109 946093 946091
5
946081 946079 946037 946031 946021
5
946003 945983 945961 945949 945943
5
945941 945937 945929 945907 945899
5
945887 945883 945881 945851 945823
5
945817 945811 945809 945799 945787
5
945767 945739 945733 945731 945701
5
945677 945673 945671 945647 945631
5
945629 945601 945589 945587 945577
5
945547 945521 945481 945479 945473
5
945463 945457 945431 945409 945397
5
945391 945389 945377 945367 945359
5
945349 945341 945331 945293 945289
5
945233 945227 945211 945209 945179
5
945151 945143 945103 945089 945059
5
945037 945031 944987 944969 944963
5
944953 944929 944899 944897 944893
5
944887 944873 944857 944833 944821
5
944803 944777 944773 944731 944729
5
944717 944711 944701 944689 944687
5
944677 944659 944651 944621 944609
5
944591 944579 944563 944561 944551
5
944543 944533 944527 944521 944519
5
944497 944491 944473 944467 944453
5
944431 944429 944417 944399 944393
5
944389 944387 944369 944329 944309
5
944297 944263 944261 944257 944239
5
944233 944191 944179 944161 944149
5
944147 944143 944137 944123 944077
5
944071 944039 944029 944017 944003
5
943967 943951 943931 943913 943909
5
943903 943871 943849 943843 943841
5
943837 943819 943801 943799 943783
5
943781 943777 943769 943763 943757
5
943751 943741 943729 943699 943693
5
943651 943637 943603 943601 943589
5
943571 943567 943543 943541 943511
5
943499 943477 943471 943429 943421
5
943409 943403 943387 943373 943367
5
943363 943357 943343 943321 943307
5
943303 943301 943289 943277 943273
5
943249 943231 943219 943213 943199
5
943183 943157 943153 943139 943127
5
943097 943091 943081 943079 943073
5
943057 943043 943031 943013 943009
5
943003 942983 942979 942943 942917
5
942901 942899 942889 942883 942869
5
942859 942857 942853 942847 942827
5
942811 942787 942779 942763 942749
5
942727 942719 942709 942691 942661
5
942659 942653 942637 942607 942593
5
942583 942577 942569 942541 942527
5
942521 942509 942479 942449 942439
5
942437 942433 942401 942371 942367
5
942341 942317 942313 942311 942301
5
942269 942257 942247 942223 942217
5
942199 942187 942169 942167 942163
5
942143 942113 942101 942091 942079
5
942061 942049 942043 942041 942037
5
942031 942017 942013 941999 941989
5
941981 941971 941947 941933 941929
5
941911 941903 941879 941861 941839
5
941813 941791 941771 941753 941747
5
941741 941737 941723 941701 941683
5
941671 941669 941663 941653 941641
5
941617 941609 941599 941593 941573
5
941561 941557 941537 941519 941513
5
941509 941503 941491 941489 941471
5
941467 941461 941453 941449 941441
5
941429 941407 941383 941359 941351
5
941329 941323 941309 941299 941267
5
941263 941251 941249 941221 941209
5
941207 941201 941179 941167 941159
5
941153 941131 941123 941119 941117
5
941099 941093 941041 941027 941023
5
941011 941009 940993 940981 940957
5
940949 940931 940921 940913 940903
5
940889 940879 940871 940853 940829
5
940817 940813 940801 940787 940783
5
940781 940759 940739 940733 940727
5
940721 940703 940691 940669 940649
5
940619 940607 940573 940553 940549
5
940547 940543 940531 940529 940523
5
940501 940483 940477 940469 940421
5
940403 940399 940369 940361 940351
5
940349 940327 940319 940301 940297
5
940279 940271 940259 940249 940241
5
940229 940223 940201 940189 940183
5
940169 940157 940127 940097 940087
5
940073 940067 940031 940019 940003
5
940001 939997 939989 939973 939971
5
939931 939923 939901 939881 939871
5
939853 939847 939839 939823 939793
5
939791 939773 939769 939767 939749
5
939739 939737 939713 939707 939677
5
939661 939649 939623 939613 939611
5
939599 939581 939551 939511 939487
5
939469 939451 939443 939439 939431
5
939413 939391 939377 939373 939361
5
939359 939349 939347 939317 939299
5
939293 939287 939247 939229 939203
5
939193 939181 939179 939167 939157
5
939121 939119 939109 939091 939089
5
939061 939019 939011 939007 938989
5
938983 938981 938969 938963 938953
5
938947 938939 938921 938881 938879
5
938869 938857 938843 938831 938827
5
938807 938803 938761 938747 938713
5
938681 938677 938659 938617 938611
5
938591 938573 938569 938563 938537
5
938533 938507 938491 938459 938453
5
938447 938437 938393 938387 938369
5
938359 938351 938347 938341 938323
5
938309 938293 938279 938263 938257
5
938251 938243 938233 938219 938207
5
938183 938129 938117 938107 938099
5
938089 938083 938071 938059 938057
5
938053 938051 938033 938027 938023
5
938017 937991 937969 937949 937943
5
937927 937919 937903 937901 937891
5
937883 937877 937847 937841 937823
5
937819 937813 937801 937789 937777
5
937751 937747 937721 937709 937693
5
937681 937679 937667 937663 937661
5
937639 937637 937633 937627 937613
5
937591 937589 937577 937571 937537
5
937511 937501 937481 937477 937463
5
937459 937429 937421 937379 937373
5
937351 937337 937331 937253 937243
5
937241 937231 937229 937207 937187
5
937171 937151 937147 937127 937121
5
937067 937049 937033 937031 937009
5
937007 937003 936967 936953 936941
5
936937 936919 936917 936911 936907
5
936889 936869 936827 936811 936797
5
936779 936773 936769 936739 936737
5
936731 936713 936709 936697 936679
5
936673 936667 936659 936647 936619
5
936599 936587 936577 936557 936539
5
936527 936521 936511 936499 936493
5
936487 936469 936451 936437 936413
5
936407 936401 936391 936379 936361
5
936329 936319 936311 936283 936281
5
936259 936253 936233 936227 936223
5
936203 936197 936181 936179 936161
5
936151 936127 936119 936113 936097
5
936053 936029 936007 935999 935971
5
935903 935899 935861 935843 935839
5
935827 935819 935813 935791 935777
5
935771 935761 935719 935717 935707
5
935699 935689 935687 935677 935653
5
935651 935639 935621 935603 935593
5
935591 935587 935581 935537 935531
5
935513 935507 935489 935461 935447
5
935443 935423 935413 935399 935393
5
935381 935377 935359 935353 935339
5
935303 935261 935257 935243 935213
5
935201 935197 935189 935183 935167
5
935149 935147 935113 935107 935093
5
935071 935063 935059 935023 935021
5
935003 934981 934979 934961 934951
5
934943 934939 934919 934909 934907
5
934897 934891 934889 934883 934861
5
934853 934837 934831 934811 934799
5
934793 934771 934763 934753 934733
5
934723 934721 934693 934673 934669
5
934639 934613 934607 934603 934597
5
934579 934567 934561 934547 934543
5
934537 934523 934517 934499 934489
5
934487 934481 934469 934463 934441
5
934429 934403 934399 934393 934387
5
934343 934319 934301 934291 934277
5
934259 934253 934243 934229 934223
5
934187 934159 934151 934127 934121
5
934117 934111 934079 934069 934067
5
934057 934051 934049 934039 934033
5
934009 934001 933979 933973 933967
5
933953 933949 933943 933931 933923
5
933893 933883 933853 933851 933847
5
933839 933817 933811 933809 933797
5
933787 933781 933761 933739 933707
5
933703 933677 933671 933649 933643
5
933613 933607 933601 933563 933553
5
933551 933523 933497 933479 933463
5
933433 933421 933407 933403 933397
5
933389 933349 933329 933319 933313
5
933301 933293 933269 933263 933259
5
933241 933221 933217 933209 933199
5
933173 933157 933151 933073 933067
5
933061 933059 933047 933019 933001
5
932999 932983 932969 932963 932951
5
932947 932941 932927 932923 932917
5
932887 932879 932863 932839 932819
5
932803 932801 932783 932779 932761
5
932749 932683 932681 932677 932663
5
932651 932647 932609 932597 932593
5
932587 932579 932567 932563 932557
5
932549 932537 932521 932513 932497
5
932483 932473 932471 932447 932441
5
932431 932419 932417 932413 932357
5
932353 932341 932333 932317 932303
5
932257 932231 932227 932221 932219
5
932209 932207 932203 932189 932177
5
932153 932149 932131 932119 932117
5
932101 932081 932051 932039 932021
5
932003 931999 931981 931967 931949
5
931943 931933 931921 931913 931907
5
931901 931883 931877 931873 931859
5
931849 931837 931811 931789 931783
5
931781 931757 931751 931747 931739
5
931729 931727 931709 931691 931657
5
931639 931621 931597 931577 931573
5
931571 931543 931537 931529 931517
5
931499 931487 931421 931417 931387
5
931363 931351 931319 931313 931309
5
931303 931289 931267 931241 931237
5
931213 931199 931193 931181 931169
5
931163 931153 931129 931127 931123
5
931097 931087 931067 931013 931003
5
930991 930989 930977 930973 930931
5
930911 930889 930863 930859 930847
5
930841 930827 930817 930779 930773
5
930763 930749 930737 930719 930707
5
930689 930667 930653 930637 930619
5
930617 930593 930583 930571 930569
5
930551 930547 930509 930499 930491
5
930481 930469 930467 930437 930409
5
930389 930379 930337 930323 930301
5
930289 930287 930283 930277 930269
5
930229 930211 930199 930197 930191
5
930187 930179 930173 930157 930119
5
930113 930101 930089 930079 930077
5
930073 930071 930043 930011 929983
5
929977 929963 929953 929941 929897
5
929891 929881 929869 929861 929843
5
929813 929809 929807 929791 929777
5
929749 929743 929741 929737 929717
5
929693 929671 929647 929641 929639
5
929629 929627 929623 929609 929587
5
929581 929573 929561 929557 929549
5
929527 929507 929501 929497 929483
5
929459 929431 929419 929417 929399
5
929393 929389 929381 929333 929323
5
929311 929303 929293 929281 929261
5
929251 929239 929209 929207 929197
5
929171 929161 929153 929141 929129
5
929113 929087 929083 929077 929069
5
929063 929059 929057 929051 929029
5
929023 929011 929009 929003 928979
5
928933 928927 928913 928903 928883
5
928871 928859 928849 928819 928817
5
928813 928799 928793 928787 928771
5
928769 928703 928699 928679 928661
5
928651 928649 928643 928637 928621
5
928619 928607 928597 928561 928559
5
928547 928513 928471 928469 928463
5
928457 928453 928429 928427 928423
5
928409 928399 928351 928337 928331
5
928313 928307 928289 928273 928271
5
928267 928253 928231 928223 928177
5
928163 928159 928157 928153 928141
5
928139 928111 928099 928097 928079
5
928063 928051 928043 928001 927973
5
927967 927961 927869 927863 927853
5
927847 927841 927833 927821 927803
5
927791 927779 927769 927763 927743
5
927727 927709 927683 927677 927671
5
927653 927649 927643 927631 927629
5
927587 927569 927557 927541 927533
5
927529 927517 927497 927491 927439
5
927431 927403 927397 927373 927361
5
927323 927317 927313 927301 927287
5
927259 927233 927229 927191 927187
5
927167 927161 927149 927137 927097
5
927089 927083 927077 927049 927013
5
927007 927001 926983 926977 926971
5
926963 926957 926921 926903 926899
5
926879 926867 926851 926843 926819
5
926803 926797 926777 926767 926747
5
926741 926707 926701 926689 926671
5
926669 926659 926657 926633 926623
5
926617 926587 926581 926567 926561
5
926557 926537 926533 926507 926503
5
926489 926467 926461 926437 926423
5
926411 926399 926389 926377 926357
5
926353 926351 926327 926309 926293
5
926273 926251 926239 926227 926203
5
926183 926179 926171 926161 926153
5
926131 926129 926113 926111 926099
5
926089 926087 926077 926033 926027
5
926017 925997 925987 925979 925961
5
925949 925943 925937 925921 925913
5
925901 925891 925849 925843 925831
5
925823 925789 925783 925741 925733
5
925721 925697 925679 925669 925663
5
925649 925637 925621 925619 925607
5
925597 925579 925577 925559 925523
5
925517 925513 925501 925499 925487
5
925469 925447 925423 925409 925399
5
925391 925387 925373 925369 925349
5
925339 925307 925291 925279 925273
5
925271 925241 925237 925217 925193
5
925189 925181 925163 925159 925153
5
925147 925121 925117 925109 925103
5
925097 925087 925081 925079 925073
5
925063 925051 925039 925033 925027
5
925019 924997 924967 924961 924929
5
924907 924881 924877 924871 924841
5
924829 924827 924811 924809 924793
5
924779 924773 924769 924757 924751
5
924743 924731 924727 924719 924713
5
924709 924697 924683 924661 924659
5
924643 924641 924617 924601 924557
5
924551 924529 924527 924523 924503
5
924499 924493 924463 924437 924431
5
924421 924419 924403 924401 924397
5
924383 924361 924359 924337 924323
5
924299 924283 924281 924269 924241
5
924197 924191 924173 924151 924139
5
924109 924101 924097 924083 924073
5
924059 924043 924041 924037 924031
5
924023 924019 923987 923983 923977
5
923971 923963 923959 923953 923947
5
923939 923929 923917 923903 923869
5
923861 923851 923849 923833 923809
5
923789 923773 923743 923719 923711
5
923701 923693 923687 923653 923641
5
923617 923603 923599 923591 923581
5
923579 923567 923561 923551 923543
5
923539 923513 923509 923501 923471
5
923467 923453 923449 923441 923437
5
923411 923407 923399 923387 923371
5
923369 923347 923341 923333 923311
5
923309 923249 923239 923233 923227
5
923203 923201 923183 923179 923177
5
923171 923147 923141 923137 923129
5
923123 923107 923053 923051 923047
5
923029 923023 923017 922993 922973
5
922931 922907 922897 922861 922853
5
922813 922807 922781 922741 922739
5
922729 922717 922699 922681 922679
5
922667 922643 922639 922637 922631
5
922627 922619 922613 922601 922561
5
922549 922531 922517 922513 922511
5
922499 922489 922487 922463 922457
5
922451 922423 922391 922367 922357
5
922351 922333 922331 922321 922309
5
922303 922291 922289 922283 922261
5
922247 922237 922223 922217 922211
5
922169 922123 922099 922087 922081
5
922079 922073 922069 922067 922057
5
922043 922039 922037 922027 922021
5
921989 921959 921931 921919 921913
5
921911 921901 921889 921887 921871
5
921841 921839 921821 921787 921779
5
921761 921751 921749 921743 921737
5
921733 921703 921677 921667 921647
5
921643 921637 921629 921611 921601
5
921589 921581 921563 921523 921517
5
921499 921497 921491 921467 921463
5
921457 921409 921407 921379 921373
5
921353 921331 921293 921287 921259
5
921257 921241 921233 921223 921203
5
921199 921197 921191 921169 921157
5
921149 921143 921133 921121 921091
5
921079 921073 921031 921029 921013
5
921007 921001 920999 920971 920963
5
920957 920951 920947 920921 920891
5
920869 920863 920849 920833 920827
5
920807 920791 920789 920783 920761
5
920753 920743 920741 920729 920707
5
920701 920687 920677 920653 920651
5
920641 920609 920561 920539 920519
5
920509 920497 920477 920473 920467
5
920443 920441 920419 920411 920407
5
920399 920393 920377 920371 920357
5
920333 920323 920291 920281 920279
5
920273 920267 920263 920233 920219
5
920209 920203 920201 920197 920167
5
920149 920147 920137 920123 920107
5
920053 920039 920021 920011 919979
5
919969 919951 919949 919939 919937
5
919927 919913 919903 919901 919883
5
919871 919859 919823 919817 919811
5
919799 919781 919769 919759 919757
5
919729 919703 919693 919691 919679
5
919631 919621 919613 919591 919571
5
919559 919531 919519 919511 919447
5
919427 919423 919421 919417 919409
5
919393 919381 919351 919349 919337
5
919319 919313 919301 919267 919253
5
919249 919231 919229 919223 919189
5
919183 919169 919153 919147 919129
5
919111 919109 919081 919067 919063
5
919033 919031 919021 919019 919013
5
918989 918971 918959 918949 918947
5
918943 918913 918899 918889 918877
5
918857 918839 918829 918823 918793
5
918787 918779 918767 918763 918751
5
918737 918733 918683 918679 918677
5
918653 918647 918641 918613 918587
5
918583 918581 918563 918539 918529
5
918497 918481 918469 918443 918439
5
918433 918431 918397 918389 918371
5
918361 918353 918347 918341 918329
5
918319 918301 918283 918263 918259
5
918257 918223 918209 918199 918193
5
918173 918161 918157 918149 918143
5
918139 918131 918109 918103 918089
5
918079 918067 918041 918019 918011
5
917993 917971 917951 917927 917923
5
917893 917887 917869 917849 917843
5
917837 917831 917827 917809 917803
5
917789 917783 917773 917771 917767
5
917759 917753 917737 917729 917713
5
917689 917687 917669 917659 917641
5
917633 917629 917617 917611 917593
5
917591 917573 917557 917549 917519
5
917513 917503 917471 917461 917459
5
917443 917407 917381 917363 917353
5
917333 917327 917317 917291 917281
5
917251 917243 917239 917237 917227
5
917219 917209 917179 917173 917159
5
917153 917141 917123 917117 917113
5
917101 917093 917089 917083 917053
5
917051 917041 917039 917003 916999
5
916973 916961 916939 916933 916931
5
916913 916907 916879 916871 916859
5
916841 916837 916831 916787 916781
5
916771 916733 916703 916679 916651
5
916649 916633 916621 916613 916583
5
916571 916561 916537 916511 916507
5
916501 916477 916471 916469 916463
5
916457 916451 916441 916417 916411
5
916387 916367 916361 916339 916337
5
916319 916291 916273 916261 916259
5
916219 916217 916213 916189 916187
5
916183 916177 916169 916141 916129
5
916127 916121 916109 916103 916099
5
916073 916061 916057 916049 916033
5
916031 915991 915973 915961 915949
5
915947 915919 915917 915911 915881
5
915869 915851 915839 915799 915769
5
915763 915757 915737 915731 915727
5
915703 915697 915683 915659 915641
5
915631 915623 915613 915611 915601
5
915589 915587 915557 915547 915539
5
915533 915527 915487 915479 915451
5
915437 915391 915379 915367 915353
5
915311 915301 915283 915259 915253
5
915251 915247 915223 915221 915203
5
915199 915197 915191 915181 915157
5
915143 915139 915113 915071 915067
5
915053 915049 915041 915029 915017
5
915007 914981 914971 914951 914941
5
914897 914891 914887 914873 914867
5
914861 914857 914843 914827 914819
5
914813 914801 914791 914789 914783
5
914777 914737 914731 914723 914713
5
914701 914657 914647 914629 914611
5
914609 914597 914591 914581 914579
5
914569 914561 914533 914521 914519
5
914513 914491 914477 914467 914461
5
914449 914443 914429 914371 914369
5
914363 914359 914357 914351 914339
5
914327 914321 914293 914279 914269
5
914257 914239 914237 914219 914213
5
914191 914189 914161 914131 914117
5
914047 914041 914027 914021 913999
5
913981 913943 913933 913921 913907
5
913889 913873 913853 913811 913799
5
913771 913753 913739 913723 913709
5
913687 913639 913637 913589 913579
5
913573 913571 913513 913487 913483
5
913457 913447 913441 913433 913421
5
913417 913397 913373 913337 913331
5
913327 913321 913309 913279 913259
5
913247 913217 913183 913177 913151
5
913139 913103 913067 913063 913039
5
913037 913027 913013 912991 912979
5
912973 912971 912959 912953 912941
5
912929 912911 912871 912869 912859
5
912853 912851 912839 912829 912823
5
912809 912799 912797 912773 912763
5
912727 912649 912647 912631 912581
5
912559 912539 912533 912523 912521
5
912511 912497 912491 912487 912481
5
912469 912467 912463 912451 912449
5
912413 912409 912403 912397 912391
5
912367 912349 912343 912337 912287
5
912269 912251 912239 912227 912217
5
912211 912193 912187 912173 912167
5
912103 912089 912083 912061 912053
5
912049 912047 912031 912007 911969
5
911959 911957 911951 911947 911917
5
911903 911899 911893 911879 911873
5
911861 911851 911839 911837 911831
5
911819 911783 911777 911773 911749
5
911737 911723 911719 911707 911689
5
911683 911681 911671 911663 911657
5
911633 911621 911597 911593 911549
5
911527 911507 911503 911459 911453
5
911437 911419 911413 911371 911363
5
911359 911357 911341 911327 911321
5
911311 911303 911293 911291 911269
5
911249 911233 911231 911227 911219
5
911201 911179 911173 911171 911167
5
911161 911159 911147 911129 911111
5
911101 911089 911087 911077 911063
5
911039 911033 911023 911011 911003
5
910981 910957 910939 910909 910883
5
910853 910849 910817 910807 910799
5
910787 910781 910771 910751 910747
5
910711 910709 910691 910661 910643
5
910631 910627 910621 910619 910603
5
910583 910577 910561 910523 910519
5
910471 910457 910453 910451 910447
5
910421 910369 910361 910307 910279
5
910277 910229 910219 910213 910207
5
910201 910199 910177 910171 910141
5
910139 910127 910121 910109 910103
5
910099 910097 910093 910069 910051
5
910031 910003 909977 909973 909971
5
909917 909911 909907 909901 909899
5
909889 909877 909863 909859 909833
5
909829 909809 909803 909791 909787
5
909773 909767 909761 909743 909737
5
909731 909697 909691 909683 909679
5
909637 909631 909613 909611 909599
5
909577 909547 909541 909539 909529
5
909521 909481 909463 909457 909451
5
909437 909409 909401 909383 909379
5
909371 909343 909341 909331 909329
5
909319 909317 909301 909299 909289
5
909287 909281 909253 909247 909241
5
909239 909217 909203 909173 909151
5
909133 909119 909113 909107 909091
5
909089 909071 909061 909047 909043
5
909037 909031 909023 909019 908993
5
908959 908953 908927 908911 908909
5
908893 908881 908879 908863 908861
5
908857 908851 908849 908821 908819
5
908813 908807 908797 908771 908759
5
908749 908741 908731 908723 908711
5
908671 908669 908653 908627 908623
5
908617 908603 908597 908591 908581
5
908573 908549 908543 908539 908533
5
908527 908521 908513 908503 908491
5
908489 908471 908459 908449 908441
5
908419 908417 908381 908377 908363
5
908359 908353 908321 908317 908287
5
908249 908233 908221 908213 908197
5
908183 908179 908153 908137 908129
5
908113 908101 908081 908071 908057
5
908053 908041 908003 907999 907997
5
907969 907967 907957 907927 907913
5
907909 907891 907871 907849 907843
5
907831 907813 907811 907807 907793
5
907759 907757 907733 907727 907723
5
907717 907703 907693 907691 907667
5
907663 907657 907651 907637 907589
5
907583 907567 907561 907549 907513
5
907507 907493 907481 907471 907469
5
907457 907447 907433 907427 907399
5
907397 907393 907391 907369 907367
5
907363 907331 907321 907301 907297
5
907279 907267 907259 907237 907229
5
907223 907217 907213 907211 907199
5
907183 907169 907163 907141 907139
5
907133 907111 907099 907073 907063
5
907031 907021 907019 906973 906949
5
906943 906931 906929 906923 906911
5
906901 906881 906869 906847 906839
5
906823 906817 906809 906793 906779
5
906767 906757 906751 906749 906727
5
906713 906707 906701 906691 906679
5
906673 906649 906641 906617 906613
5
906601 906589 906557 906541 906539
5
906523 906517 906497 906487 906481
5
906473 906461 906431 906427 906421
5
906403 906391 906383 906377 906371
5
906349 906343 906331 906329 906317
5
906313 906293 906289 906263 906259
5
906233 906229 906211 906203 906197
5
906187 906179 906133 906121 906119
5
906107 906089 906043 906029 906023
5
906013 906011 906007 905999 905963
5
905959 905951 905923 905917 905909
5
905897 905843 905833 905819 905803
5
905783 905767 905761 905759 905719
5
905713 905701 905693 905687 905683
5
905677 905659 905651 905647 905629
5
905621 905617 905599 905587 905581
5
905551 905507 905497 905491 905477
5
905461 905453 905449 905413 905381
5
905347 905339 905329 905299 905297
5
905291 905269 905249 905227 905213
5
905209 905207 905197 905189 905171
5
905167 905161 905147 905143 905137
5
905123 905111 905087 905083 905071
5
905059 905053 905011 904999 904997
5
904987 904933 904931 904919 904907
5
904903 904901 904879 904873 904867
5
904861 904847 904823 904811 904801
5
904793 904789 904781 904777 904769
5
904759 904733 904727 904721 904697
5
904693 904681 904679 904667 904663
5
904661 904643 904637 904633 904627
5
904619 904601 904577 904573 904559
5
904531 904523 904517 904513 904511
5
904499 904489 904483 904459 904441
5
904399 904369 904361 904357 904303
5
904297 904289 904283 904261 904219
5
904217 904207 904201 904193 904181
5
904157 904147 904121 904117 904103
5
904097 904093 904087 904073 904069
5
904067 904049 904027 904019 903979
5
903967 903949 903919 903913 903899
5
903883 903871 903841 903827 903803
5
903781 903761 903757 903751 903709
5
903701 903691 903677 903673 903649
5
903641 903613 903607 903569 903563
5
903547 903541 903527 903493 903479
5
903457 903451 903449 903443 903421
5
903407 903403 903391 903389 903367
5
903359 903347 903337 903323 903311
5
903269 903257 903251 903223 903211
5
903197 903179 903163 903151 903143
5
903109 903103 903079 903073 903037
5
903029 903017 902987 902981 902977
5
902971 902963 902953 902933 902903
5
902873 902849 902827 902821 902807
5
902789 902777 902771 902767 902761
5
902753 902723 902719 902687 902677
5
902669 902659 902653 902639 902611
5
902599 902597 902591 902579 902569
5
902563 902521 902507 902501 902483
5
902477 902471 902449 902437 902413
5
902401 902389 902357 902351 902347
5
902333 902311 902303 902299 902281
5
902263 902261 902227 902201 902191
5
902179 902141 902137 902119 902089
5
902087 902053 902047 902039 902029
5
902017 902009 901997 901993 901973
5
901963 901937 901931 901919 901909
5
901907 901891 901861 901841 901819
5
901811 901787 901781 901751 901741
5
901739 901717 901709 901687 901679
5
901657 901643 901613 901591 901567
5
901547 901529 901517 901513 901501
5
901499 901489 901471 901457 901451
5
901447 901441 901429 901427 901423
5
901403 901399 901367 901339 901333
5
901309 901279 901273 901253 901249
5
901247 901213 901211 901207 901193
5
901183 901177 901171 901169 901141
5
901133 901111 901097 901093 901079
5
901067 901063 901013 901009 901007
5
900997 900973 900971 900959 900937
5
900931 900929 900917 900869 900863
5
900821 900817 900803 900797 900773
5
900763 900761 900751 900743 900737
5
900719 900701 900689 900673 900671
5
900659 900649 900623 900607 900593
5
900589 900587 900583 900577 900569
5
900563 900553 900551 900539 900511
5
900491 900481 900461 900443 900409
5
900397 900349 900331 900329 900307
5
900293 900287 900283 900259 900253
5
900241 900233 900217 900187 900169
5
900161 900157 900149 900143 900139
5
900121 900103 900091 900089 900061
5
900037 900019 900007 900001 899981
5
899971 899939 899917 899903 899893
5
899891 899881 899863 899851 899849
5
899831 899807 899791 899779 899761
5
899753 899749 899719 899711 899693
5
899687 899681 899671 899659 899617
5
899611 899537 899531 899519 899491
5
899477 899473 899467 899447 899429
5
899413 899401 899387 899321 899309
5
899291 899273 899263 899237 899233
5
899221 899209 899189 899183 899179
5
899177 899161 899159 899153 899149
5
899123 899069 899057 899051 899009
5
898987 898981 898951 898927 898921
5
898897 898889 898873 898867 898853
5
898823 898819 898813 898787 898769
5
898763 898753 898727 898717 898691
5
898673 898669 898663 898661 898621
5
898613 898607 898561 898553 898549
5
898543 898523 898519 898493 898483
5
898481 898477 898459 898439 898427
5
898423 898421 898409 898369 898361
5
898327 898319 898307 898291 898283
5
898279 898259 898253 898243 898241
5
898231 898223 898213 898211 898199
5
898189 898181 898171 898153 898147
5
898133 898129 898109 898097 898091
5
898069 898067 898063 898033 898019
5
898013 897983 897971 897947 897931
5
897907 897899 897887 897881 897877
5
897847 897829 897817 897781 897779
5
897751 897727 897709 897707 897703
5
897691 897671 897649 897647 897629
5
897607 897601 897593 897581 897577
5
897571 897563 897557 897553 897527
5
897517 897499 897497 897473 897469
5
897467 897461 897443 897433 897401
5
897373 897359 897349 897329 897319
5
897317 897307 897301 897271 897269
5
897263 897251 897241 897229 897223
5
897191 897163 897157 897137 897133
5
897119 897103 897101 897077 897067
5
897059 897053 897049 897019 897011
5
897007 896983 896963 896953 896947
5
896927 896921 896897 896879 896867
5
896837 896803 896783 896771 896723
5
896719 896717 896681 896677 896669
5
896647 896633 896617 896587 896573
5
896561 896557 896549 896543 896537
5
896531 896521 896509 896491 896479
5
896453 896449 896447 896443 896417
5
896381 896369 896353 896347 896341
5
896327 896323 896299 896297 896293
5
896281 896263 896201 896191 896167
5
896143 896123 896113 896111 896107
5
896101 896069 896047 896009 896003
5
895987 895957 895933 895927 895913
5
895903 895901 895889 895879 895861
5
895841 895823 895813 895801 895799
5
895789 895787 895777 895771 895757
5
895729 895721 895709 895703 895691
5
895681 895673 895669 895667 895651
5
895649 895633 895627 895613 895591
5
895579 895571 895553 895529 895507
5
895471 895469 895463 895457 895423
5
895421 895393 895387 895361 895357
5
895351 895343 895333 895319 895313
5
895309 895291 895283 895277 895253
5
895247 895243 895241 895231 895211
5
895189 895171 895159 895157 895151
5
895133 895127 895087 895079 895051
5
895049 895039 895009 895007 895003
5
894997 894973 894947 894923 894917
5
894893 894871 894869 894811 894793
5
894791 894779 894763 894749 894731
5
894721 894713 894709 894689 894667
5
894643 894637 894613 894611 894589
5
894581 894559 894547 894541 894527
5
894521 894511 894503 894451 894449
5
894431 894427 894419 894409 894407
5
894403 894391 894371 894343 894329
5
894301 894287 894281 894277 894259
5
894247 894239 894233 894227 894221
5
894211 894209 894203 894193 894191
5
894181 894167 894161 894151 894139
5
894137 894119 894109 894097 894073
5
894067 894059 894037 894011 893999
5
893989 893939 893933 893929 893917
5
893903 893897 893881 893873 893863
5
893857 893839 893821 893797 893777
5
893743 893723 893719 893701 893681
5
893671 893657 893653 893609 893603
5
893591 893567 893549 893521 893509
5
893489 893479 893449 893441 893429
5
893419 893413 893407 893383 893381
5
893363 893359 893351 893341 893339
5
893317 893281 893261 893257 893237
5
893227 893219 893213 893183 893161
5
893149 893147 893131 893119 893117
5
893111 893107 893099 893093 893059
5
893051 893041 893033 893029 893023
5
893003 892999 892987 892973 892951
5
892933 892919 892901 892877 892861
5
892849 892841 892817 892783 892781
5
892777 892763 892757 892747 892733
5
892709 892667 892663 892657 892643
5
892627 892609 892603 892597 892579
5
892559 892553 892547 892531 892523
5
892513 892481 892471 892457 892439
5
892433 892421 892391 892387 892357
5
892351 892321 892291 892271 892267
5
892261 892253 892249 892237 892219
5
892189 892169 892159 892153 892141
5
892123 892103 892097 892093 892091
5
892079 892057 892049 892027 892019
5
891997 891991 891983 891967 891929
5
891923 891907 891899 891893 891889
5
891887 891859 891851 891829 891827
5
891823 891817 891809 891799 891797
5
891767 891763 891749 891743 891707
5
891679 891677 891661 891659 891647
5
891643 891629 891617 891601 891593
5
891587 891577 891571 891563 891559
5
891557 891551 891523 891521 891509
5
891493 891491 891487 891481 891439
5
891427 891421 891409 891391 891389
5
891379 891377 891349 891329 891323
5
891311 891287 891277 891251 891239
5
891223 891179 891173 891161 891151
5
891133 891103 891101 891091 891067
5
891061 891049 891047 891017 891001
5
890999 890993 890969 890963 890957
5
890941 890933 890927 890893 890887
5
890881 890867 890863 890861 890843
5
890833 890821 890809 890803 890797
5
890789 890761 890737 890717 890711
5
890707 890683 890671 890657 890653
5
890609 890597 890563 890551 890543
5
890531 890501 890467 890459 890441
5
890437 890429 890419 890377 890371
5
890333 890317 890303 890291 890287
5
890237 890231 890221 890177 890161
5
890159 890147 890129 890119 890117
5
890111 890107 890083 890063 890053
5
890027 890011 890003 889997 889963
5
889957 889951 889937 889921 889909
5
889907 889901 889891 889879 889877
5
889873 889871 889829 889783 889769
5
889747 889727 889703 889699 889697
5
889687 889673 889657 889639 889631
5
889597 889589 889579 889519 889501
5
889489 889481 889453 889439 889429
5
889411 889391 889373 889367 889363
5
889351 889349 889337 889327 889313
5
889309 889289 889279 889271 889261
5
889247 889237 889211 889177 889171
5
889139 889123 889087 889081 889069
5
889051 889043 889039 889037 889027
5
889001 888997 888989 888983 888967
5
888961 888959 888931 888919 888917
5
888887 888871 888869 888857 888827
5
888809 888799 888793 888781 888779
5
888773 888761 888751 888737 888721
5
888691 888689 888683 888661 888659
5
888653 888637 888631 888623 888557
5
888541 888533 888499 888493 888479
5
888469 888457 888451 888443 888431
5
888427 888413 888409 888397 888389
5
888373 888361 888359 888323 888319
5
888313 888287 888271 888263 888257
5
888247 888211 888203 888179 888163
5
888161 888157 888143 888133 888109
5
888103 888091 888077 888061 888059
5
888047 888011 888001 887989 887987
5
887947 887941 887923 887921 887911
5
887903 887867 887849 887839 887837
5
887827 887819 887759 887749 887743
5
887717 887707 887701 887693 887681
5
887671 887669 887659 887657 887651
5
887641 887633 887629 887617 887599
5
887581 887573 887569 887567 887543
5
887533 887503 887483 887479 887459
5
887449 887441 887423 887401 887399
5
887387 887377 887333 887323 887311
5
887291 887269 887267 887261 887233
5
887203 887191 887177 887171 887153
5
887143 887141 887113 887101 887093
5
887069 887059 887057 887017 886999
5
886993 886987 886981 886979 886973
5
886969 886967 886913 886909 886891
5
886867 886859 886819 886807 886799
5
886793 886777 886759 886751 886747
5
886741 886667 886663 886651 886643
5
886619 886609 886607 886591 886583
5
886549 886547 886541 886537 886519
5
886517 886511 886493 886471 886469
5
886463 886453 886433 886429 886427
5
886421 886387 886381 886367 886349
5
886339 886337 886313 886307 886283
5
886271 886247 886243 886241 886199
5
886189 886183 886181 886177 886163
5
886129 886117 886097 886069 886043
5
886031 886021 886019 886013 886007
5
885991 885977 885971 885967 885961
5
885959 885947 885943 885931 885923
5
885919 885893 885889 885883 885881
5
885869 885839 885823 885821 885811
5
885803 885793 885791 885769 885737
5
885733 885727 885721 885713 885679
5
885623 885611 885607 885589 885553
5
885551 885529 885517 885509 885503
5
885497 885487 885473 885449 885427
5
885421 885403 885397 885389 885383
5
885371 885359 885331 885307 885301
5
885289 885263 885257 885251 885239
5
885233 885223 885217 885187 885169
5
885163 885161 885133 885127 885107
5
885103 885097 885091 885083 885061
5
885041 885023 884999 884987 884981
5
884977 884959 884951 884921 884899
5
884881 884857 884831 884827 884813
5
884803 884791 884789 884743 884717
5
884699 884693 884669 884651 884617
5
884593 884591 884579 884573 884537
5
884501 884497 884491 884489 884483
5
884453 884441 884437 884423 884417
5
884371 884369 884363 884353 884341
5
884321 884311 884309 884293 884287
5
884269 884267 884251 884243 884231
5
884227 884201 884183 884171 884167
5
884159 884131 884129 884111 884087
5
884077 884069 884057 884029 884011
5
884003 883991 883979 883973 883969
5
883963 883933 883921 883889 883877
5
883871 883807 883783 883781 883777
5
883763 883739 883733 883721 883703
5
883699 883697 883691 883667 883661
5
883639 883627 883621 883613 883579
5
883577 883549 883537 883517 883489
5
883483 883471 883451 883433 883429
5
883423 883411 883409 883397 883391
5
883357 883343 883339 883331 883327
5
883307 883279 883273 883249 883247
5
883241 883237 883231 883229 883217
5
883213 883193 883187 883163 883121
5
883117 883111 883109 883093 883087
5
883073 883061 883049 883013 882979
5
882967 882961 882953 882943 882923
5
882913 882907 882883 882881 882877
5
882863 882851 882823 882779 882773
5
882751 882733 882727 882719 882703
5
882701 882697 882659 882653 882631
5
882617 882599 882593 882587 882577
5
882571 882551 882529 882517 882491
5
882481 882461 882451 882449 882439
5
882433 882391 882389 882377 882367
5
882359 882313 882289 882263 882253
5
882251 882247 882241 882239 882199
5
882187 882179 882173 882169 882157
5
882139 882103 882083 882071 882067
5
882061 882047 882031 882029 882019
5
882017 881987 881983 881963 881953
5
881939 881917 881911 881899 881897
5
881849 881833 881813 881779 881743
5
881729 881711 881707 881681 881669
5
881663 881641 881611 881597 881591
5
881539 881537 881533 881527 881509
5
881479 881477 881473 881471 881449
5
881437 881417 881411 881407 881393
5
881369 881357 881351 881333 881327
5
881317 881311 881273 881269 881249
5
881233 881219 881207 881197 881191
5
881173 881171 881159 881147 881143
5
881141 881119 881099 881077 881071
5
881057 881029 881017 881009 881003
5
880993 880981 880961 880951 880949
5
880939 880909 880907 880903 880883
5
880871 880861 880853 880823 880819
5
880813 880801 880799 880793 880751
5
880729 880727 880723 880709 880703
5
880699 880687 880681 880673 880667
5
880661 880603 880589 880573 880571
5
880559 880553 880543 880541 880531
5
880519 880513 880487 880483 880427
5
880423 880421 880409 880367 880361
5
880349 880343 880337 880331 880303
5
880301 880283 880259 880249 880247
5
880223 880219 880211 880199 880153
5
880151 880133 880127 880109 880097
5
880091 880069 880067 880057 880043
5
880031 880027 880021 880007 880001
5
879979 879973 879961 879953 879941
5
879919 879917 879881 879863 879859
5
879839 879821 879817 879799 879797
5
879743 879721 879713 879709 879707
5
879701 879691 879689 879679 879673
5
879667 879661 879653 879649 879629
5
879623 879617 879607 879583 879581
5
879553 879539 879533 879523 879493
5
879457 879449 879413 879401 879391
5
879371 879353 879343 879341 879331
5
879299 879287 879283 879271 879269
5
879259 879247 879239 879227 879199
5
879181 879169 879167 879143 879133
5
879119 879113 879103 879097 879089
5
879061 879031 879023 879007 879001
5
878989 878987 878957 878953 878939
5
878929 878893 878873 878869 878863
5
878851 878837 878833 878831 878821
5
878797 878789 878783 878777 878749
5
878743 878737 878719 878699 878681
5
878677 878663 878659 878651 878641
5
878629 878621 878609 878597 878593
5
878573 878567 878551 878539 878513
5
878489 878467 878453 878443 878419
5
878413 878411 878387 878377 878359
5
878309 878299 878291 878287 878279
5
878239 878221 878201 878197 878191
5
878183 878173 878167 878159 878153
5
878147 878131 878113 878107 878099
5
878089 878083 878077 878041 878039
5
878023 878021 878011 877997 877949
5
877939 877937 877909 877907 877883
5
877879 877873 877871 877867 877853
5
877843 877837 877823 877817 877783
5
877771 877739 877699 877661 877651
5
877621 877619 877609 877601 877577
5
877573 877567 877543 877531 877469
5
877463 877423 877411 877403 877399
5
877397 877379 877367 877361 877351
5
877343 877333 877321 877313 877301
5
877297 877291 877267 877237 877223
5
877213 877199 877187 877181 877169
5
877133 877117 877111 877109 877091
5
877073 877057 877043 877027 877003
5
876971 876947 876929 876913 876893
5
876871 876853 876851 876833 876823
5
876817 876797 876791 876787 876769
5
876761 876751 876749 876731 876721
5
876719 876677 876661 876653 876647
5
876643 876619 876611 876607 876593
5
876581 876569 876529 876523 876497
5
876481 876479 876443 876433 876431
5
876373 876371 876349 876341 876331
5
876329 876311 876307 876301 876287
5
876263 876257 876233 876229 876203
5
876199 876193 876191 876181 876149
5
876137 876131 876121 876107 876103
5
876097 876079 876077 876067 876041
5
876023 876019 876017 876013 876011
5
875983 875981 875969 875947 875933
5
875929 875923 875893 875851 875837
5
875821 875803 875783 875779 875773
5
875761 875759 875741 875731 875717
5
875711 875701 875689 875683 875681
5
875663 875659 875647 875629 875627
5
875621 875617 875593 875591 875579
5
875543 875521 875519 875513 875509
5
875503 875491 875477 875447 875443
5
875429 875419 875417 875393 875389
5
875377 875363 875341 875339 875333
5
875327 875323 875317 875299 875297
5
875269 875267 875263 875261 875243
5
875239 875233 875213 875209 875201
5
875183 875141 875129 875117 875113
5
875107 875089 875033 875027 875011
5
874987 874967 874957 874919 874891
5
874889 874879 874873 874859 874847
5
874831 874823 874813 874807 874799
5
874777 874771 874763 874739 874729
5
874723 874721 874711 874697 874693
5
874681 874673 874661 874651 874639
5
874637 874619 874597 874583 874567
5
874547 874543 874537 874487 874477
5
874459 874457 874427 874409 874403
5
874397 874387 874373 874351 874343
5
874337 874331 874303 874301 874277
5
874271 874267 874249 874229 874217
5
874213 874193 874151 874127 874121
5
874117 874109 874103 874099 874091
5
874087 874063 874037 874009 874001
5
873991 873989 873979 873959 873913
5
873877 873863 873787 873781 873773
5
873767 873739 873727 873721 873709
5
873707 873689 873671 873667 873659
5
873643 873641 873619 873617 873571
5
873569 873553 873541 873539 873529
5
873527 873497 873469 873463 873461
5
873437 873427 873421 873419 873407
5
873403 873359 873349 873343 873331
5
873319 873317 873293 873263 873251
5
873247 873209 873157 873139 873133
5
873121 873113 873109 873091 873083
5
873079 873073 873049 873043 873017
5
872999 872959 872953 872951 872947
5
872923 872863 872843 872791 872789
5
872761 872749 872747 872737 872731
5
872687 872671 872659 872657 872647
5
872623 872621 872611 872609 872587
5
872567 872563 872561 872549 872533
5
872479 872477 872471 872453 872441
5
872437 872429 872419 872411 872393
5
872387 872383 872381 872369 872353
5
872351 872323 872317 872281 872269
5
872257 872251 872243 872237 872231
5
872227 872203 872189 872177 872173
5
872161 872159 872149 872143 872141
5
872129 872107 872099 872089 872077
5
872071 872057 872041 872033 872023
5
872017 871993 871987 871973 871963
5
871957 871931 871919 871901 871883
5
871867 871837 871823 871817 871789
5
871771 871763 871727 871687 871681
5
871679 871657 871649 871643 871639
5
871621 871613 871597 871589 871571
5
871553 871531 871517 871513 871477
5
871463 871459 871439 871393 871349
5
871337 871303 871289 871271 871259
5
871249 871231 871229 871181 871177
5
871163 871159 871147 871103 871061
5
871037 871027 871021 871001 870997
5
870983 870977 870967 870953 870931
5
870929 870917 870911 870907 870901
5
870889 870871 870853 870847 870833
5
870823 870811 870809 870787 870773
5
870743 870739 870731 870703 870691
5
870679 870643 870641 870629 870613
5
870601 870593 870589 870577 870547
5
870533 870517 870497 870491 870479
5
870461 870437 870433 870431 870413
5
870407 870403 870391 870367 870341
5
870329 870323 870301 870283 870271
5
870253 870241 870239 870229 870223
5
870211 870197 870173 870169 870161
5
870151 870137 870131 870127 870109
5
870097 870083 870059 870049 870047
5
870031 870013 870007 869989 869983
5
869959 869951 869927 869909 869899
5
869893 869887 869879 869863 869849
5
869819 869809 869807 869779 869777
5
869773 869753 869747 869717 869707
5
869689 869683 869663 869657 869599
5
869597 869587 869579 869563 869551
5
869543 869521 869501 869489 869471
5
869467 869461 869443 869437 869419
5
869413 869399 869381 869371 869369
5
869339 869321 869317 869303 869299
5
869293 869291 869273 869257 869251
5
869249 869233 869203 869179 869173
5
869153 869137 869131 869119 869081
5
869069 869059 869053 869039 869021
5
869017 868999 868997 868993 868957
5
868951 868943 868939 868937 868909
5
868891 868883 868877 868873 868867
5
868849 868841 868817 868801 868799
5
868793 868787 868783 868771 868741
5
868739 868727 868697 868691 868669
5
868663 868639 868613 868603 868583
5
868577 868561 868559 868537 868531
5
868529 868493 868489 868487 868459
5
868453 868451 868423 868409 868397
5
868381 868379 868369 868349 868337
5
868331 868327 868313 868291 868277
5
868271 868267 868249 868229 868211
5
868199 868177 868171 868157 868151
5
868123 868121 868111 868103 868081
5
868073 868069 868051 868039 868033
5
868019 867991 867959 867947 867943
5
867913 867887 867871 867857 867829
5
867827 867817 867803 867793 867781
5
867773 867743 867733 867719 867701
5
867689 867679 867677 867653 867641
5
867631 867623 867619 867617 867589
5
867577 867571 867563 867553 867547
5
867541 867511 867509 867487 867467
5
867463 867457 867443 867431 867413
5
867409 867401 867397 867389 867371
5
867343 867337 867319 867301 867281
5
867271 867263 867259 867257 867253
5
867233 867227 867211 867203 867173
5
867161 867151 867143 867131 867121
5
867091 867079 867067 867059 867037
5
867023 867011 867007 867001 866969
5
866963 866953 866941 866933 866927
5
866917 866909 866869 866857 866851
5
866849 866843 866819 866783 866777
5
866759 866743 866737 866717 866713
5
866707 866693 866689 866683 866653
5
866641 866639 866629 866623 866581
5
866573 866519 866513 866477 866471
5
866461 866443 866431 866417 866399
5
866389 866353 866329 866311 866309
5
866293 866279 866231 866221 866213
5
866197 866183 866161 866123 866119
5
866101 866093 866087 866083 866081
5
866057 866053 866051 866029 866011
5
866009 866003 865993 865979 865957
5
865937 865933 865889 865877 865871
5
865867 865859 865847 865829 865819
5
865817 865807 865801 865783 865771
5
865769 865757 865751 865747 865741
5
865729 865721 865717 865687 865681
5
865661 865643 865639 865637 865619
5
865609 865597 865591 865577 865537
5
865511 865499 865493 865483 865481
5
865477 865457 865409 865379 865363
5
865357 865349 865343 865339 865327
5
865321 865313 865307 865301 865261
5
865259 865253 865247 865231 865217
5
865213 865211 865201 865177 865159
5
865153 865121 865103 865091 865087
5
865069 865061 865057 865049 865043
5
865003 865001 864989 864979 864967
5
864959 864953 864947 864917 864911
5
864901 864887 864883 864817 864811
5
864803 864793 864781 864757 864737
5
864733 864707 864691 864679 864673
5
864641 864631 864629 864623 864613
5
864587 864583 864581 864551 864541
5
864533 864511 864509 864503 864491
5
864449 864439 864427 864419 864407
5
864379 864361 864359 864341 864323
5
864319 864307 864301 864299 864289
5
864277 864251 864223 864221 864211
5
864203 864191 864169 864167 864151
5
864137 864131 864121 864119 864107
5
864103 864091 864079 864077 864053
5
864049 864047 864037 864029 864013
5
864011 864007 863983 863959 863921
5
863917 863909 863899 863897 863887
5
863879 863869 863867 863851 863843
5
863833 863803 863801 863783 863771
5
863767 863749 863743 863729 863711
5
863693 863689 863671 863641 863633
5
863609 863593 863561 863539 863537
5
863521 863509 863497 863491 863479
5
863393 863377 863363 863323 863309
5
863299 863287 863279 863251 863231
5
863197 863179 863153 863143 863131
5
863123 863119 863087 863081 863047
5
863017 863003 862997 862991 862987
5
862973 862957 862943 862921 862919
5
862913 862909 862907 862879 862861
5
862819 862811 862789 862783 862777
5
862769 862739 862727 862703 862669
5
862651 862649 862633 862627 862607
5
862583 862573 862571 862567 862559
5
862553 862541 862501 862493 862487
5
862483 862481 862471 862447 862441
5
862423 862417 862409 862399 862397
5
862387 862369 862343 862331 862319
5
862307 862297 862289 862283 862273
5
862261 862259 862249 862241 862231
5
862229 862219 862207 862187 862181
5
862177 862171 862159 862157 862139
5
862129 862123 862117 862097 862067
