100
100
862709 34598 75177 827055 37590 822064 956082 475811 272419 114078 695128 388735 232861 195585 667749 586267 901359 403323 926732 355316 504345 158162 814511 276665 217804 178517 197536 31640 124730 116741 797728 587989 47185 255961 392010 914747 108375 978863 94424 811730 469017 882845 303248 431613 523542 627039 826545 370930 511893 769345 265111 960973 197371 685599 299961 122897 514509 854186 65984 566776 126715 681769 586704 634689 485272 944887 641163 632364 638221 835183 210978 69186 330886 995449 311072 983153 439749 485361 239214 422118 590818 991698 638520 2442 819881 88274 198608 535982 538952 546877 281043 688872 834752 674026 273148 897453 659716 806489 98383 927183
100
476171 457332 265483 287220 861774 454621 571135 964746 376814 991318 733289 846783 229799 615285 722199 252563 185581 668477 137799 889037 758292 983295 506896 252223 898098 371805 645036 776710 100715 181376 232092 328641 932084 159773 354244 451997 881368 377927 299255 80540 409113 253418 994407 512500 17635 669982 940527 650262 628650 924501 392209 378752 270216 921468 904403 137048 674478 296235 528496 286188 786007 661908 206672 670691 223029 826152 417946 802881 132197 982261 262040 265900 677699 394383 740596 572092 470233 816714 706537 307624 537696 259129 175425 310590 630953 670244 139020 868347 797038 81148 947823 280671 809622 499507 107148 517331 20160 388733 297030 721729
100
480216 294230 573247 229193 139259 40600 817250 45357 575721 752406 366182 400798 882647 332129 116471 303260 526081 320515 955081 69548 604080 126317 239594 650735 331230 346441 97125 760101 525981 402137 501465 474698 21035 166372 968669 134211 210194 844606 620662 584086 718203 706188 737535 53447 670828 903675 22186 656150 489357 326635 991585 224037 492033 519276 989237 80314 643394 670460 599577 140738 584488 722492 404032 563785 960054 511066 633495 755302 552015 412274 31961 743815 4941 836250 939849 7238 976387 547025 874417 762483 218258 679131 603365 188963 895324 739440 182410 54940 19856 208727 708104 722865 250167 884463 272789 365205 82003 50783 674735 488980
100
153008 676578 876446 952137 597525 172319 646308 304816 707300 380210 211620 623809 529743 570470 256429 753970 260802 180781 891287 28133 452873 103583 903955 438289 188505 796843 603239 584639 336561 370413 74734 770375 80683 450950 638099 494744 425005 196824 952309 970716 892211 905783 57645 578282 547345 183362 935481 34761 922635 291140 102904 231639 699475 418161 4744 635920 231297 620638 114243 921410 436860 970845 692456 415463 893920 345539 220109 711098 472180 403475 93777 713372 692489 50145 213594 282798 167821 415753 2937 713839 531961 8485 926884 700776 332228 82348 31240 51226 989418 413559 743991 111119 486707 550892 979778 548577 386058 992009 280905 132709
100
242222 593487 159910 752920 276975 474684 287428 9391 305818 788421 995773 828264 573621 551774 603469 659403 411130 262748 762857 22783 256816 741558 630610 505383 75039 894034 549240 214240 298913 181425 531221 936174 877128 313991 87578 273004 201225 899068 947190 977634 351336 708207 488984 260089 424916 845045 449347 216373 685725 216222 256867 122043 193620 271565 872084 111782 610955 965778 76094 697052 729650 422534 525901 786471 281215 504486 866364 703296 85924 615704 366970 647912 699146 997677 656712 336003 613692 530115 222040 270340 862952 445058 601100 165761 783236 550012 779281 146968 324375 5132 772678 800625 9526 426579 293274 396050 375410 544852 434943 345494
100
41648 892360 272725 418880 671011 913533 635487 193947 102402 586120 936459 51370 399369 600463 266545 778510 413949 432374 219324 331718 600756 641756 684921 385473 505164 972630 755493 938929 249214 563561 893108 760943 582216 914630 587499 16471 451009 24323 395399 971113 194658 99216 536015 140745 302582 36147 474593 754041 579338 660204 299034 113380 381058 777201 708534 899451 570525 441591 210201 529585 304506 201916 709702 554378 828053 892576 372629 666273 205450 450815 48363 455947 125319 65253 650603 960013 500630 155099 774135 817751 170685 479769 400236 486730 943093 925032 740860 183238 426452 234989 531962 158291 76774 238524 437633 754137 190031 663729 941837 812332
100
905552 950332 436853 767296 8439 307656 507408 611817 128523 791846 922417 732784 912454 757955 66490 197007 834623 89775 22153 795661 328654 945110 674880 318524 126467 314505 512417 859030 299655 490877 479087 272766 573317 369835 564620 272846 921159 21790 762263 371222 436883 422475 120345 606506 34367 464729 636292 308746 788373 931262 213336 698237 505865 871805 331910 818076 695110 413056 286068 993587 140578 273776 734213 111054 347312 205243 468125 642555 327478 124516 699214 132892 559204 832381 827369 201899 174283 301665 609932 715966 683788 260865 771739 181696 744227 186579 731128 940162 265114 497986 682805 875888 164678 953634 90106 17940 942263 596046 449614 271897
100
268747 200346 119215 490703 731037 921347 619810 759777 300921 927769 416332 650598 477465 995916 196795 816561 211406 119338 583607 186406 752475 512156 286980 198221 130845 808443 805359 48649 796523 404759 425972 480639 280427 16650 357845 830957 211104 536241 735680 992172 829303 722726 131055 890939 186721 418311 710239 523354 597840 489340 481000 946782 28745 879624 178855 687251 357239 131935 386328 685868 280311 394055 96276 276543 677456 963344 304256 204851 96855 762109 671897 682240 492727 586227 513853 572183 6213 237344 708874 793458 508427 315135 596994 991427 330120 452192 229199 883427 480632 165856 600404 840293 542824 830886 447574 942682 992997 433753 835683 678204
100
397860 718468 506530 180657 956833 180948 560757 707097 267566 181200 970298 565814 307572 965681 681972 790444 251174 515905 949253 343076 955626 916147 633913 517370 748787 834374 418277 851655 221858 141565 481566 527603 918022 727636 616104 231928 577893 250911 354603 254703 447086 302402 825175 438672 570010 152283 701917 271878 937098 429828 553668 232359 583143 484052 645909 576460 574484 569426 87925 787673 889127 741282 828767 225161 613714 950239 333600 404495 393220 480843 481477 327098 500731 459256 922580 656691 275757 491091 776712 466350 880538 122041 172054 193908 773277 952609 516914 423732 219993 53794 341925 884210 657948 2030 835163 513127 225873 859579 300221 764597
100
404002 266674 53116 624018 973581 11268 92150 554860 120225 785338 759293 693351 62036 576920 472187 236339 852477 892640 41307 71299 861581 636230 895157 812390 798583 68378 296990 172135 211914 502218 607881 620300 505939 748458 793363 663691 469338 15176 176774 44456 601494 413081 616871 750367 484197 31864 97693 191663 720568 939114 209221 167551 501729 950760 631308 260627 496509 246415 77474 116348 919404 552285 288445 561967 173998 366949 762884 797891 488726 944888 680130 400256 333455 973003 773705 763416 27009 638787 778467 479343 214517 375037 828873 246848 859176 510497 920296 277429 897924 151319 348126 68054 424801 185433 406104 175083 45 491685 681641 78016
100
946020 251894 145750 394188 786918 321413 843585 681768 638003 617004 415734 982549 311256 417794 600354 632511 19728 155238 162311 499300 772473 601999 358355 253967 517991 490860 928457 579472 486056 677052 470501 833308 579951 814503 555299 248627 665154 729568 353979 379966 900241 421974 888247 111215 442193 225252 120588 72447 341015 846287 84876 515552 569321 985388 291360 234787 893293 26219 575223 740599 536611 163748 84761 201871 116847 2545 43060 618013 154768 629626 993444 542148 492281 492405 800940 360232 791412 743544 642476 737333 547503 295802 266580 141820 480929 542020 872298 133584 610147 123538 733048 892796 457968 959595 666024 885051 251803 927017 803807 167997
100
16478 790966 564370 797458 181492 527928 862006 548617 110851 583244 143130 3464 242562 394496 196152 938775 708225 384266 391174 962862 653331 993000 897094 989714 643925 234292 381094 521881 768665 881621 513723 771707 252519 583334 695041 175542 326114 309274 743994 773024 197599 733814 315633 747631 432213 690007 597935 837733 906829 742834 216718 483691 894595 480136 911434 921570 696427 374921 434477 961855 6332 206353 159008 127746 93279 560613 321315 830226 626937 783612 479385 904917 52718 460796 119246 428817 940379 925721 854433 412080 401160 469227 513814 855175 994224 275680 777872 462041 111006 343412 538581 147314 389311 661226 837354 894428 635641 746152 510934 647280
100
596008 296494 810381 211637 955575 664626 917153 824793 497906 283011 256235 390137 725958 837201 730819 559676 157817 969673 985432 27350 410454 694818 527200 314234 688718 707599 45612 813427 864083 800024 44951 629996 964850 25079 578858 326800 140279 872372 188358 271716 844625 777262 581540 324539 241785 694347 710674 35886 166086 126560 335805 168323 706286 241925 538561 487895 141995 526270 580795 825022 772774 499794 203541 350547 402624 714220 620435 232192 245821 681113 513657 705478 745447 42542 712806 805446 418852 425626 849904 792182 791731 803708 997417 771209 252294 762519 872043 289399 754216 613207 639515 134569 223641 201263 891315 432691 512145 653039 588186 788176
100
512979 529073 652809 875314 944005 735230 276884 839912 696144 19992 399999 973519 727367 691861 663540 176287 750217 365666 823961 196907 765638 734698 208431 616482 821044 973565 13480 783200 201134 370993 778351 165432 777853 196664 195385 620257 305622 979314 695992 582355 687772 630306 48029 840011 943933 941142 158694 224722 84915 472788 914960 176206 625486 420468 843390 868369 205709 158350 233363 637768 649400 989313 516055 943880 291786 640592 452001 867056 700362 268640 450527 366531 603192 322134 688206 758102 63124 18382 299227 60269 665952 797936 497118 35852 902753 670148 105106 251300 635426 801890 658676 566821 264535 733570 678809 636552 437837 534905 113787 299994
100
38234 295743 881623 680079 10233 483226 244173 755398 542728 23948 951997 973609 526891 630760 990914 798234 988512 28605 932199 490692 909388 201761 111571 493720 174686 110383 45568 573874 144928 494170 461547 941002 731014 655752 989502 564858 98562 921165 773541 755351 40013 845103 854949 57253 804945 483118 968792 706177 712149 870011 460327 673546 484374 830929 884339 536435 752346 903644 58116 477910 605293 548311 212202 391481 43830 741095 845283 263650 416731 674252 420620 268143 866944 835589 532629 722344 554415 296344 228864 456375 706343 846663 114303 380876 449297 570953 976444 22879 983846 736765 309924 747644 219874 765483 289333 189439 872396 371615 50475 559099
100
251847 178695 761853 943356 288678 17312 747267 878505 243652 99176 433760 352047 362864 545661 791968 466779 955020 747276 662844 916816 500763 290534 554020 451847 814242 209574 685855 596407 429660 802143 698497 697821 877994 260431 940044 26618 600522 131987 547178 395040 918747 691567 396227 287336 722318 827523 837215 1247 32031 694554 843853 452374 970745 319781 246702 863044 531438 560813 902828 274972 124910 637145 406034 622427 459791 349389 593064 681644 490401 338092 797943 69294 41007 479337 32597 224947 368291 995289 176918 294678 468275 554509 319089 541838 466513 851487 372683 341353 631054 977748 88344 756492 506473 477279 141238 479314 816607 71215 291174 995946
100
933989 491537 94568 990490 788632 76474 814321 67487 617879 530252 554436 136241 769246 401150 520993 610049 957178 461418 534525 514770 248647 21892 450411 335108 716460 217404 515698 232347 999922 954297 575360 420880 879915 407731 555466 785891 47162 253618 370188 871013 467227 924491 841560 236053 392476 507514 28701 367982 589942 33436 243307 966805 579865 630946 943895 207531 16231 121606 532134 432893 826608 120431 563234 244437 232748 535493 395399 134895 981104 207689 477991 39355 160870 278174 341614 101113 79359 489634 693818 431888 52909 715765 757687 164521 727314 514549 476698 994514 427869 156586 511919 554824 171747 644180 707997 177471 412470 387601 602947 326596
100
764442 617005 624708 975377 342753 467884 568506 416393 594757 509648 348329 48808 513341 695766 22981 413536 657414 454370 942990 358773 411210 40573 380181 285473 389690 639559 362132 786274 752830 390857 888011 155593 685792 713184 501599 315589 617741 482708 349745 199509 35669 448466 520981 120796 935338 198596 196346 565028 913045 407439 96142 531238 198688 700520 830660 412095 939616 442249 899238 662228 169685 858226 506922 914706 265783 647791 61033 419752 53770 466426 254695 528597 70726 788848 671832 162904 521950 26547 202609 426381 145439 291058 86872 721774 240425 194257 258869 488343 206919 589127 516032 861014 752969 109354 671481 200334 593037 203594 814563 727214
100
148230 6553 679524 907264 376216 922054 42788 409061 323773 80438 369507 815699 511850 328132 682631 524898 755769 969137 567995 573788 42419 974329 526723 471640 905333 368565 394400 141805 247954 802978 194783 121014 278233 627728 342319 411214 143584 168519 146834 411350 880488 388087 996160 307398 893627 816952 239409 749640 483616 814989 326745 342044 164268 745792 263496 468253 143665 567368 32713 574386 830153 486642 800459 679351 760171 725337 343515 260778 4124 845735 811858 235419 961152 771238 367327 341075 153757 537043 516260 848507 369950 14183 761391 930468 835650 763106 772419 674697 391372 816154 19789 651014 750368 156289 146713 290388 20784 783010 67981 822068
100
565049 809207 355148 816550 244457 844721 514490 677618 985967 714942 725140 4740 991346 453701 449458 283563 396804 934951 442365 526731 738163 863126 481815 412603 151301 922058 241217 797742 245096 705638 894426 238562 686733 909490 197888 987599 373244 927442 202610 360809 348257 23627 809006 881222 990235 907352 693531 209777 755644 809360 58255 989764 207812 551878 768403 316495 378478 336713 999577 423073 152691 667770 453456 144993 535137 232941 49620 263409 635065 891799 674080 536143 351025 885358 704596 186234 525615 687224 662467 243400 332936 108732 71813 267723 547325 82730 155171 601018 414454 246734 403316 218550 565657 496230 435050 841477 838169 942149 158099 110883
100
189870 169657 102795 356539 733268 148744 675481 751347 465122 820861 933971 627606 676197 126742 215259 105938 68005 699057 340863 24946 190945 741966 783199 688175 844804 12654 325406 149257 165880 420790 586224 204118 763990 312767 116637 248597 277822 385289 573948 448311 448466 416351 117399 369617 292335 738054 610538 756502 717724 851923 495738 319706 160275 43506 156766 627744 21512 363437 929205 891617 775640 98821 398174 166738 826662 507286 988916 697928 588324 737846 320113 436670 438840 320375 313794 855212 250643 855063 388261 273309 32588 559969 691326 486549 474177 857572 350001 421676 828576 621549 398843 164189 532392 492967 171093 609719 324496 276394 940387 329614
100
513393 269112 211524 271455 636298 286605 515193 494049 102100 105799 683792 528484 987714 7129 853045 675959 901628 857769 896135 477593 232734 219688 63102 716004 344684 189013 8295 154577 438211 65624 302126 990872 489209 344535 762226 906221 293308 835542 906658 989350 468790 944659 774656 378790 505604 626565 795500 433720 601523 438427 69983 365902 771148 152882 792920 208750 100629 937515 860333 889411 930576 373874 32357 263510 322118 21362 194746 523441 889212 609683 440975 730955 440866 668338 25803 805271 423809 866191 381905 526418 650027 830421 197969 295144 244209 574878 22425 408335 966535 876412 449748 733496 538783 569065 190894 478790 853107 638686 865750 532449
100
956282 119831 168461 38756 455476 777126 694582 951750 563961 983568 498689 456927 545079 858798 542643 35225 530537 887437 726882 272970 789948 657329 483174 178503 422043 803770 677100 633521 642049 796210 102448 171838 388086 260502 759640 865553 473640 446040 660269 310159 398871 322498 732822 390035 264468 986764 518612 923210 777818 816361 923769 753149 891644 481275 355463 555307 307985 879860 427252 178536 916567 527827 723081 488309 756538 850908 843907 724826 467715 27255 38328 471061 369797 52964 845914 54977 695147 657250 11784 141319 575048 949269 845848 493305 675265 511034 119177 366969 194458 830195 465824 407685 682955 702544 185988 595058 296755 105185 297289 619638
100
958522 317832 354475 146796 207450 577720 638473 466545 888591 222885 227396 149826 447207 399666 230065 893741 257593 306473 892759 444880 416072 332367 411045 515178 940246 705549 501904 813767 466775 537811 875188 698432 691314 74822 437368 459813 853473 396340 921096 833360 461727 157719 802895 616678 640833 682845 966919 778176 868245 405636 572730 274817 787883 106273 183583 818441 280922 290892 667716 490956 487745 476026 247634 347144 582874 85704 286443 350131 757757 440139 126923 581686 168340 907223 836310 779780 751935 73536 942122 967740 732204 904084 911001 417821 929057 842182 457792 251517 240388 370726 886359 443503 429459 999284 435393 119267 434665 159391 980161 715457
100
919094 871759 828805 994990 957276 549181 506392 395140 362508 585213 493935 310232 152386 719525 271817 514881 826951 753187 476774 900723 112692 731786 11465 756104 733424 550712 837099 855974 576943 78282 731584 84826 271505 655984 692331 276313 674078 557936 595514 865984 10180 484968 324259 840227 863525 47927 216734 625459 206500 619346 919971 240276 243667 622093 501970 837510 441922 968923 464324 16894 277225 581917 705971 502964 668752 734915 183313 521010 535455 378040 920010 792382 158300 632761 148201 829142 670585 457545 349383 310933 245927 791897 414632 858501 792042 569813 475554 669510 814408 729396 621274 117580 184721 449336 904835 495414 725935 238254 851165 594587
100
275195 944112 933047 480241 986586 611618 584244 358532 522663 114576 797197 404972 684020 51058 278551 678925 453396 776294 519652 103241 275581 108665 256515 307904 265749 313897 189152 417994 885558 84303 736028 35247 346886 230663 250466 478640 39002 499213 92317 823534 174470 197747 133573 507087 940570 97210 892302 794214 75228 773898 478743 441475 766869 14280 796115 464185 899471 370283 371528 302275 143170 673359 210906 270062 908642 824853 313232 527342 446419 20373 583860 666685 880622 612355 145867 315061 773273 810038 375337 463547 676460 187453 333340 849350 948762 934128 726809 674096 331197 667546 532295 963060 583044 353163 101550 182584 433243 298248 142839 810507
100
448750 986502 485430 236706 18673 709066 568841 604800 457873 388061 118220 865044 970946 575744 323774 562580 308283 806813 477694 319737 739 108807 984471 544553 254270 816304 742913 398415 419403 633443 81954 610905 321916 832099 522828 775046 519771 36680 987179 886164 343092 258326 44834 802702 304275 279885 441462 246683 430799 840775 843020 724664 215366 523090 853861 630188 583344 285038 967902 849441 439409 432823 692559 584921 655793 104035 268785 962527 400702 961472 761579 722025 909668 717009 908246 503522 200485 451212 786034 831294 235425 896864 795316 578767 48850 838016 870269 573342 390039 190626 147032 784579 102768 97891 456328 820906 248931 835006 40685 864921
100
345084 795172 806213 150449 233913 757575 6074 322996 241598 35511 728104 627296 251848 724310 438983 189049 222570 983107 515893 601730 604634 898610 744544 364397 486339 838941 509314 765607 113938 639687 491945 413469 144098 786316 68950 861625 508720 810752 179452 593826 53352 442567 266015 682946 492109 923952 105033 79501 802195 715542 516868 618699 114052 380558 509348 127412 818116 606945 122300 393250 689164 368438 946017 786311 690792 374772 307494 56151 364616 608246 662516 778263 54299 48640 587420 384748 114941 305583 212259 310218 402964 873354 7482 372405 26906 493034 209482 446876 313995 698664 720235 283529 781218 979423 195047 676284 457780 170416 205290 331107
100
758351 955314 421350 578430 443658 540553 373062 223498 710182 491642 477888 374932 251528 855329 734420 916535 250911 379602 651910 604600 621958 542586 782585 860831 5372 976204 279553 403457 291280 30765 56016 270705 722974 235125 464019 876911 837774 482952 305001 879594 40532 424789 536896 97849 739921 900655 853469 284811 162484 227980 527650 258145 89923 864533 830509 620121 270158 700926 731621 814215 817403 103786 685924 528692 839786 183776 444923 984469 230029 132732 808273 641808 856466 379192 210414 544249 145471 431187 146044 557929 500996 245337 520989 293473 715068 68204 321734 188397 991759 656099 846052 64181 886049 601267 377227 739624 649596 884155 149391 339851
100
673590 25974 238955 600028 518038 848991 861814 552849 293645 605285 507136 962014 320043 316975 70520 423371 120673 386313 237507 905674 24731 274552 25361 872680 13609 454739 818187 799819 673962 51181 609189 35203 624904 399665 746340 503633 944085 683328 138182 599188 754205 204566 992324 924871 574955 981298 768932 359251 491851 447655 735905 938864 662474 784237 207260 143868 112372 707849 909712 106122 887338 216152 230353 963454 178096 560445 224372 68417 710110 646066 769365 603852 936056 870824 58810 99462 511727 66609 457365 476003 852046 794293 709591 207895 729112 986354 62683 280655 268340 408102 645029 34984 380041 891246 471303 103348 166508 219319 413312 497584
100
970785 675624 705838 570140 348336 152077 820152 349957 506504 167674 334202 215803 930737 239797 810038 204348 633388 804355 470877 679684 631234 341148 140204 544806 948445 69199 701567 35192 18198 620817 910968 389719 13754 426021 641131 551593 964393 906961 65551 963770 758626 150212 148862 252599 365723 640560 473235 952998 111004 366186 328469 677993 814178 104168 246486 820104 359759 614701 691357 603296 269571 867499 900043 621824 564755 467970 44599 216614 113096 184815 525700 413270 535577 747806 986883 863103 848205 232271 810720 734212 756282 864006 783192 582947 161311 114397 254286 731361 190605 550750 134267 581938 750456 465793 565865 193347 33250 769887 537029 424140
100
404573 927689 429336 859858 478202 600100 40137 115998 566268 215158 379498 211846 531181 211285 536381 778829 336073 404161 878157 60041 250797 108670 211412 353305 868762 390640 411044 548563 383664 241925 999151 142154 443884 671261 335822 705647 354589 30346 104611 74355 892544 790427 686483 330143 795094 308998 596985 829945 491859 818930 701775 322440 713813 699748 571310 706133 719540 987513 746771 631525 204978 631511 700732 123965 739434 460095 797436 333310 352828 334575 535199 630064 598892 727825 363509 961504 481679 385393 352031 11108 211672 31899 511897 702870 652460 328952 243520 899989 174130 883022 23562 858658 823865 609620 160297 642491 690332 152596 438064 91662
100
429507 170833 97958 366916 573852 697374 359293 526946 906809 413042 89359 161607 201766 127574 794562 99968 792763 97261 437461 425764 564326 983354 232311 860516 858078 518669 166717 925506 674041 715906 898915 770369 610368 918733 432369 195716 817230 464564 824620 537619 853478 655926 728577 790843 756454 272798 624990 594563 210995 931982 345331 281118 532151 298638 171919 854426 950283 891043 748473 192977 720677 798364 466471 203166 371616 890158 632020 881558 264872 361097 821060 457518 635630 67468 110994 438089 743383 307684 903061 573462 215811 203106 857175 138918 306074 306895 625376 904665 154707 250541 142526 845034 959475 720646 681325 716897 163632 912116 554161 751238
100
111367 279885 47651 163414 116167 725849 276726 649878 220805 13526 495077 398836 435286 806834 500697 192486 245071 58385 705079 465039 90870 877511 848497 821481 133263 708546 475730 86176 264041 646757 772427 833457 27346 700934 326616 741229 410014 895204 905371 8754 365687 393978 514887 586697 119128 239083 292550 876930 640376 430592 278204 9188 743812 694943 451960 627027 826895 211521 769922 237546 522865 710751 135052 42909 145790 721355 971886 73083 695691 979404 715303 2954 903560 45596 246561 471505 12943 248895 764687 260914 349066 352193 143895 127257 281808 549442 576044 904888 781683 546417 32244 336470 130022 14111 191989 111127 440342 971180 700649 867967
100
304912 277387 528252 205195 631105 671878 920565 458404 861473 362457 675829 541096 152994 988303 113022 511128 945711 846517 206283 83414 899413 280921 955385 760567 702000 979471 528983 959291 721964 921692 87404 87910 495889 425772 43824 340865 666650 863821 371524 56211 689735 431602 148597 48121 452391 830250 987947 298908 649288 690926 520418 978134 211758 363480 114190 498286 728105 511494 193276 281976 137799 902977 16685 422950 756857 613535 591865 941432 633501 146320 282883 122875 103170 858939 435837 732613 769083 194079 497989 576742 713749 47765 774029 422868 967549 968287 495543 549267 143649 944161 208939 900418 983485 213931 410048 415793 698263 995654 264517 46378
100
136105 293098 241136 80603 201005 531734 112547 903892 536388 611933 909799 347421 307550 193011 772905 417017 593335 268997 117242 562753 544049 159449 37815 36127 884273 4116 131928 295674 350830 802069 729306 91374 682265 911915 753438 393165 838332 808576 991080 989576 977264 273208 897260 836535 640900 347123 892895 713198 770124 925043 29658 860074 804388 425193 470199 182084 441085 692934 748301 508680 587663 837953 416170 332240 667377 682098 515982 796884 887126 306340 389053 980549 242963 594197 422641 214661 590176 55598 613426 403212 245519 508869 770599 146723 103278 701435 357449 361712 388248 314512 744713 464597 949554 509911 380552 677193 504735 775091 653703 545425
100
578745 24260 436350 856823 814279 633930 151096 730898 617447 740222 647903 64373 640832 304231 991602 618292 520135 265591 652741 681383 329023 576500 512474 645482 569533 460670 643238 719841 162693 903638 57457 935982 263380 458392 415110 193543 245377 499035 42097 703433 600606 963361 970078 659173 281373 507885 620963 474873 658100 543072 157494 802964 841558 659055 917937 291879 418186 220601 661538 795981 815672 542903 785045 808651 372379 833197 816320 362277 537967 921508 226452 744030 229932 230851 231342 353000 224889 89687 133862 496205 867794 70414 631954 356165 987353 296714 424711 835587 218444 623151 811867 269464 425321 334237 432199 567660 899991 824005 695433 540806
100
282879 297522 782252 906102 454648 844844 941074 106018 516074 654057 546823 242809 525804 672860 260147 748448 315350 363071 547311 243127 431283 977444 85512 336165 290578 140106 283357 546752 92016 765284 187367 727784 633161 754508 22806 455290 463026 191921 341245 166179 548580 768928 623519 425436 923324 606741 880244 809864 867261 532820 207548 865753 109875 905782 373150 843882 810030 70897 699647 585196 202726 774039 895181 805446 735301 995364 580001 794711 26349 273433 972994 411585 826731 466976 822426 352317 397802 8780 747140 164765 538309 802110 13680 486143 28104 925342 592745 874472 405615 254927 891445 473866 123550 153445 860034 142019 228781 101973 252670 552737
100
240300 724375 396694 60313 421469 872366 453103 666260 236175 584490 941395 872731 992215 65355 457992 319698 115113 116448 648818 730365 615619 789255 547316 571795 873654 476710 706715 869636 127152 513475 784935 331137 758151 963908 725755 645602 773886 403885 314175 265748 241384 717016 615135 887990 930162 509361 136374 163004 398867 244215 785808 365884 397902 590404 970597 210913 975833 712063 612041 887291 334854 386200 190747 494372 797696 685244 531327 527584 356343 774015 994877 290538 566757 396570 622013 881762 559616 81533 806723 195016 520573 321529 614255 123418 546591 715880 108370 641875 604896 491835 262204 185490 341782 57221 672667 583934 531642 321677 524109 874778
100
444923 15637 947793 73704 424629 675660 957309 407239 329960 579958 781354 798391 348088 456275 625130 789247 157341 602122 374814 978101 410615 794764 413545 937372 561944 649436 853393 724497 891321 231200 960156 526081 647843 767048 769848 541242 158326 698867 593036 243628 181507 911704 595123 513443 48497 361114 876062 715872 117246 129611 637214 850178 468469 430189 307846 82638 322059 348849 276585 103603 724281 280957 632737 717625 651561 562523 578818 542307 311343 580908 931490 375933 466323 857744 782580 272474 525120 556488 837804 918989 102153 795563 614478 197689 639768 28051 884569 677969 666890 336134 238003 553753 301173 14005 382271 901790 346681 93677 366352 730705
100
760955 581337 924874 612599 429012 650600 785497 64921 378882 425686 697944 462091 202947 436775 651373 226085 759773 721792 718430 279251 698004 208765 864155 964215 928831 330764 719069 492959 617565 440720 717343 677516 581395 862005 951101 581494 982830 628428 637938 328773 243133 429772 676198 546122 692464 628400 914853 475837 31361 267828 615542 528246 392491 478979 863239 863481 161200 472919 533594 853468 770121 739167 483852 664199 805530 701278 832120 430436 686556 670467 403612 489102 711256 250883 971263 913542 366776 378475 355750 589872 144463 34532 72969 311455 390047 782549 883478 748564 129169 541297 499758 492037 530569 742592 710923 354269 832345 594150 931925 427773
100
668370 41878 325927 617687 542289 295514 337456 381703 680476 652444 650190 465090 434015 43878 382717 741399 582172 541038 805465 24224 707423 661108 257533 653755 136413 794382 110715 760899 672860 498338 557208 516079 241449 465701 747027 476504 584127 792687 609675 972599 831522 692778 240914 158321 221913 936879 620376 392241 123747 702703 355346 354264 614121 387478 849196 751089 31762 240990 394792 111337 776930 633101 380846 379222 205748 801671 249095 421032 88482 711431 498782 654102 469898 216004 759342 694225 872715 375953 503103 986160 175404 649354 91934 558665 483914 476221 957824 249957 162388 668972 616496 623094 557087 986195 381332 645771 397652 810579 490805 138265
100
693399 881738 734606 17065 568038 688079 146441 187559 210788 845322 807386 739313 325004 869397 932227 340343 759137 336192 126437 46038 652644 505289 571783 462755 650862 369323 418186 17262 145007 654379 936209 730963 980085 628619 331736 588713 445631 665784 69636 67957 756065 581111 758796 850691 340732 691347 274305 632411 58764 858616 680307 337680 421344 488376 364010 833760 375692 421878 395995 536302 553018 681294 362532 844475 921449 754059 180502 853952 868174 89921 917479 60330 462538 292780 527178 799165 444537 656815 451756 480457 405782 875051 295416 910135 697974 290100 273047 586934 382828 495173 19845 782915 176970 449870 383451 640254 371283 815592 198156 244106
100
740969 409600 831990 448171 240110 231985 490980 307563 9185 767178 552957 743609 298276 783902 698042 141137 672472 780586 909601 385220 524214 982040 570527 666862 85827 691434 477546 136612 438507 389042 509317 400960 553396 342188 867718 152772 909930 499575 825672 319380 88750 746163 10977 658661 538821 304118 352459 158510 47125 424135 946379 91397 484336 657414 782933 708071 523405 35428 830688 385228 402586 749612 733014 686239 664060 685220 383489 126322 79043 89160 875463 768473 628749 659805 943417 626583 586293 455346 955845 483528 779070 68403 652662 95204 994508 641267 764516 687729 972214 540761 913114 899067 335323 883709 971216 827775 386697 614369 870928 429358
100
996756 360286 591336 975897 713046 847476 256504 951574 353794 829037 13697 319810 16960 723777 309740 279767 112246 426529 663728 983667 685870 292778 692280 353140 854414 87772 281332 343868 195915 946625 452699 265757 26148 366107 686853 795271 687529 617818 896530 491226 59601 430680 498107 172570 350134 475134 480225 299004 545244 239141 539197 733782 20280 464235 453158 396659 901649 599554 182456 706861 488267 143352 575503 930087 696773 359805 887826 946936 323300 577252 682807 305532 156269 690395 483226 858815 889282 875239 92441 301641 550765 678456 527982 714649 789485 400156 470938 997190 287536 752186 256038 594660 425575 540624 597263 32985 742356 157195 982435 443098
100
687560 101966 991289 955854 67668 639353 290574 583835 887535 488368 535294 78177 664625 945214 489426 137439 484024 670756 585159 976672 950957 364887 344962 908557 262935 170799 813296 134979 735739 360027 854550 840930 909032 148883 942002 573481 791572 537659 821523 663827 761547 650050 161053 125819 345981 270619 294435 532634 447420 999544 863586 27758 29722 499991 42505 649387 549652 567480 310762 283376 95537 65194 270764 623123 637946 651878 649534 494783 761723 71801 694447 668552 46414 879074 791917 522055 558100 131233 599087 73316 141011 605907 763602 722153 81242 919528 650049 411090 391917 341704 944280 886146 105707 622043 556210 990547 895845 214406 270065 882104
100
237055 597326 694879 560485 956273 210700 170824 924748 742737 551700 664609 190912 776243 619441 46050 15832 306982 317198 885045 784585 725191 381332 399529 417681 851804 855446 795359 203629 541596 975034 429887 387523 108375 176524 816032 278358 149696 41145 794275 802735 340215 164266 455138 505204 107285 180935 239108 906626 177763 879358 953206 962190 369285 240649 90398 344280 760034 956264 520081 635308 933292 655448 248603 592625 636826 208885 922091 456013 988559 713120 965379 821435 281664 620279 217943 48982 852331 386422 787161 729577 311945 331434 172814 269359 970669 163260 286823 210290 732795 76604 79270 886710 628609 298779 860413 148581 423840 921464 627890 637221
100
592238 164524 328363 294180 889382 265035 272569 581427 13312 305708 745927 257557 924772 828000 770493 547711 190191 244174 733138 457233 164214 798032 313822 575315 587051 353363 622482 738452 804543 676746 531545 949307 332243 770063 876133 645027 37446 126453 511475 403500 631374 256355 445767 329353 941922 154230 143132 359078 955498 50941 877006 161569 368295 254409 764071 214161 211586 892257 910362 145852 586607 362839 996707 652812 940063 802054 142606 892292 654510 287344 698800 395470 298461 728847 288485 624527 445304 436292 190604 466199 591763 475728 191291 742097 934352 635491 489972 323949 961209 501304 425906 919357 437780 397956 822319 998955 330398 200799 978079 957349
100
74612 991783 177412 66918 800110 773211 168667 942604 631519 804470 291470 701611 611673 135128 626445 293780 862524 468971 278894 835875 65678 510020 479650 686621 895244 575314 240504 696829 543530 683956 847590 21674 151138 174723 2774 408396 805923 632347 638130 212766 787098 145787 317764 728530 255929 759240 484899 66539 179996 473788 876787 643975 566513 903369 732820 877229 984605 190438 415351 133637 302064 660864 954318 318722 375087 981266 821307 913041 796241 827378 672633 179146 10515 698583 391575 857366 377583 999414 23514 340715 28687 645789 861852 97999 939271 608882 245719 693772 441494 554249 195444 566369 804425 186842 323532 246224 905708 498778 418233 945886
100
451001 618566 862325 571046 702118 102951 855048 633807 785515 960367 571387 553015 376687 756043 895425 489947 467377 634637 472888 807713 858354 396137 932069 597105 918075 202253 179680 592232 978736 918545 37540 981856 140081 202995 614317 494625 575106 977572 797051 652796 446772 767863 236641 344427 930107 624780 900832 728583 998885 847662 893551 719271 8522 130876 257337 218672 366752 867679 808057 182385 981831 451246 916785 825405 660740 226349 214347 376606 683837 904625 854235 171216 625501 108303 488856 539541 79980 799510 194964 796162 175666 30614 630624 747232 191008 887598 926047 298051 305934 878379 534924 541230 863876 828792 587726 381119 730329 76903 595024 790150
100
968139 819533 734377 613115 539147 446184 984410 389090 160925 519911 138344 431250 789152 574731 349087 122854 831032 346960 893348 369162 402204 302878 542209 239056 35016 609724 452845 757460 840269 99782 191897 68482 460165 680984 894509 728932 136263 219890 345866 803979 275702 666837 930795 685645 838590 109122 255865 579258 496232 379234 78781 395455 446670 617956 350772 344219 921908 718158 8163 100922 241945 611934 389863 42591 196357 519049 511747 83799 585065 131120 70068 204379 132951 680921 361470 748264 284798 934169 197074 994465 624609 482220 119878 75974 520366 400311 576262 879593 575527 48291 802215 440085 384034 47580 311964 430276 448836 993338 686804 580151
100
274698 761540 163783 524115 759261 539177 443495 745318 964743 232702 79228 987314 748715 343670 832637 41781 199604 205903 557037 45746 777574 865213 480204 363498 251172 941579 143407 277763 809897 256944 618705 398214 261815 379290 197753 974100 2150 800511 966803 271865 986053 787269 768027 241823 589026 859006 489197 777182 730501 645075 986396 620211 412917 935918 491067 494014 592208 149672 327859 627240 555645 579021 128538 303595 738196 847895 245114 482292 905336 270623 67286 963073 447626 747668 676825 399582 172432 156648 205552 563754 559968 236161 113907 824340 496212 812527 241195 218775 513615 298147 205648 402812 281085 419736 248211 251693 219005 184399 920403 865228
100
217235 972300 195360 570696 58529 762061 668726 742955 206089 839395 915979 53088 89314 501795 412668 684928 454209 3009 441635 210524 476894 876104 628242 786505 216103 618544 385683 515606 150875 543400 817731 753896 792186 120855 849050 537792 181131 267731 563448 124130 771693 725960 228128 891210 512989 146131 986253 219791 119064 457233 830891 356986 286756 284717 648527 917750 784114 761593 750732 435217 984991 113853 983810 209555 934982 619809 648171 975769 736661 959485 36625 674992 922618 311949 490347 4923 270747 585926 215065 669962 375888 195670 40557 496758 70451 681193 515809 145395 42061 170502 850472 339741 152288 202957 454963 957995 415822 999593 159229 695366
100
700119 433768 20301 267055 865301 497007 599017 114497 40053 427645 786372 969528 633419 342033 196625 685262 535891 462279 885515 194810 325268 788992 296350 294578 322166 524072 196327 388241 893796 126770 965577 873988 506917 46285 27518 36052 898620 573836 452227 466764 613928 482655 407861 510322 969521 390910 837078 734357 867598 398256 721646 526781 933319 332504 885655 18391 67772 474096 530424 247741 698026 469222 340283 883344 783304 895917 41543 323377 612080 565960 32970 484564 706762 787284 334351 843244 392653 379320 270432 720144 858440 360870 457157 250402 153736 438497 330088 768158 771317 664660 398768 873043 182681 631143 846126 875133 609211 495226 716628 275169
100
682344 340354 738838 257304 361366 303457 374740 38292 227220 677953 272619 869100 820753 83131 505759 141020 682566 68217 348421 499857 176114 996085 52098 832903 895790 413430 661778 785491 948962 52556 723873 395350 137027 809049 339600 11681 27311 806797 474163 374794 821239 2502 36314 751996 382451 281806 473728 917602 204758 927157 293753 243060 609147 42807 507760 235047 207571 500361 894012 701257 565701 528873 385588 169465 325959 819617 159007 800850 933680 911302 682495 819486 594915 541893 768269 904793 473296 31686 665847 275285 542322 457505 622456 498671 860060 473600 688701 32432 437043 839994 589568 540372 401079 736238 867982 795791 664311 995699 146837 816648
100
655745 428698 949911 303339 265517 8234 692214 84969 16747 78422 266043 186 895613 896939 400121 259234 409005 40355 918676 429693 637822 595086 590677 211973 721342 550720 198166 249967 183212 448894 687914 269566 765484 847613 148501 318120 420763 452399 129746 932871 841855 662643 646939 422583 374308 597872 961362 28157 475137 602329 364089 748966 222685 814284 305079 820361 892432 642056 534698 958804 947087 55956 389591 182732 622250 177317 786679 399295 741281 598116 832887 739728 166905 306633 669400 418125 412132 721266 876269 219548 319448 684589 956440 766263 882524 600237 649450 3231 196920 125466 705852 644948 141247 390161 254603 276248 491734 257404 426009 434978
100
748098 689935 411233 429525 680388 193129 553881 335346 154362 864461 373506 490892 129690 822796 585097 263581 917804 839267 211717 549876 576098 552393 551439 442591 538727 856824 735679 366767 825434 197676 177480 193684 512143 95211 273032 826048 407468 65918 608265 272928 399639 350865 81362 725935 356611 222896 286793 151342 338527 351024 225598 269271 864077 523026 655233 16452 88495 531983 784055 959743 382593 345104 575701 172805 117851 316778 428546 645138 550353 6691 209073 14615 395684 99082 432662 930468 233115 767300 94999 292561 21789 245965 872820 241037 322279 535524 777160 218317 285166 873651 701217 670301 417179 270366 840057 391835 610452 566522 353804 645046
100
250552 451349 449849 307116 570915 907431 426324 811416 765542 420959 47440 589734 764966 980403 154845 971076 982126 967736 796821 376560 256963 721324 694918 211130 675723 626923 71389 880121 26811 432503 639118 277610 269780 673130 151239 689877 116016 65181 880477 758296 609345 282121 925256 861652 854424 406948 148095 472337 861562 228483 12417 37071 326330 830339 528800 502930 102183 934467 524601 506390 76402 535089 49607 225679 931750 687814 373950 116987 505145 190479 955848 960282 663941 581898 623523 186748 73399 960294 395251 693367 480587 741959 718858 40355 534625 478662 557589 260467 709175 237671 495748 779434 875844 6485 655416 153328 331075 748833 766020 601546
100
485886 855656 749716 638893 415615 78216 363666 719218 463061 371381 456105 275257 471943 519957 953653 714435 421495 715284 818888 294095 186602 676044 492297 939547 311512 575170 267779 413237 873756 394317 979680 267044 755286 116638 236935 294379 148250 705903 211216 5186 458116 771732 516504 388100 463126 35187 239232 333311 78807 748677 70690 469291 368915 698737 132927 739285 364173 83931 537328 684460 611209 883016 602190 784441 748502 976982 846110 940439 617819 609889 339763 468367 457439 878198 137936 784459 528791 49656 792640 248441 856058 892931 623496 419280 12088 472986 408316 570650 209298 900837 718851 384209 310096 414752 945687 860431 445016 833940 239768 637239
100
442501 210361 930574 657324 542120 768456 894725 763606 318330 735870 495755 116660 924246 815435 43303 793252 577370 748971 6526 974449 828808 534037 829191 543512 445543 751153 620552 456109 974663 468003 693506 528629 796304 868401 333375 777557 184636 637796 965175 617262 452198 709131 825861 280036 811669 192721 484785 309878 475992 44670 533665 231509 370216 571356 26810 224342 420329 673393 402730 906467 784126 539091 629349 445669 339289 309313 96867 693720 87383 555665 402083 307756 532064 928172 464643 414463 136812 402940 399177 497545 867155 478322 863294 951402 224139 713568 303394 439554 949162 709475 907104 149019 462604 762877 420565 705921 156012 224821 436313 429050
100
987197 529097 412903 317034 605234 414550 722808 374205 94933 382196 900879 859118 947255 903794 249463 704917 697813 435922 256726 23242 606262 338487 106870 481276 209069 411469 675939 987096 545177 986680 629821 963055 465193 158892 641819 384412 491422 25848 546122 785826 757147 843994 976490 417453 406685 431423 434469 959324 91662 973949 572840 889062 87731 194535 267323 156358 142754 73168 853648 602888 98768 703393 200496 723201 704388 693364 676133 449981 892832 291689 674244 673045 227426 760522 34320 467562 189828 628796 377442 395505 25092 381442 426345 75465 252459 746121 226320 574623 578370 307740 257581 717037 141449 242348 162477 370593 262826 235102 332890 708510
100
182800 148626 774958 920765 1054 190020 821961 826628 302122 575386 382188 874708 204041 75635 899691 743255 824510 690309 417639 39473 749051 171867 578929 303443 717519 752557 650305 398355 556351 295211 464991 814132 691821 409278 133591 345955 26458 531202 419080 839835 750327 102410 516188 334303 686201 860615 829665 867019 550837 631597 321720 516064 628563 479596 534918 638374 236974 824868 749984 54134 299178 455753 872921 594170 157727 205859 731727 628813 74695 508929 253171 678914 849236 748354 119725 270141 462994 620663 744602 888496 293112 157410 205094 929362 395478 859223 807818 702002 716739 186181 955669 587247 920262 775041 334391 271777 464592 530541 255917 231013
100
870814 35278 353427 38366 143060 141190 95928 418114 865395 386929 216656 171984 410676 796772 891951 14418 605058 151587 612988 664517 802580 472879 475336 285985 952017 162971 600842 201372 989722 512437 624748 239233 75455 35591 999485 599205 844726 205208 150817 857498 295188 926021 85171 389032 101027 428560 959876 859492 855738 218175 815961 881820 661801 25748 480345 599257 197264 15215 283117 840907 767389 413970 421113 164658 46870 81038 328768 145619 322051 991618 927354 360363 793397 248660 404500 446277 65411 779194 186568 159166 12327 782858 214096 304213 801138 966010 758847 884247 736609 229879 570208 908248 692026 186949 633543 56520 279179 457635 913731 326982
100
323588 188856 952095 316518 369816 524266 98541 956610 423886 778849 527125 919001 826798 294441 304356 787544 360080 527478 12265 361679 41499 651339 536128 323142 572937 546408 849394 780560 698364 227251 852109 608312 858537 683721 730095 773816 276966 554127 216016 274481 89844 200795 732769 204334 894328 624406 696795 388699 438558 971486 15144 185468 589188 961662 30651 766570 441935 358753 106042 337313 535499 124958 954616 367629 338997 565719 349640 155681 785947 306567 1972 203984 559545 162830 531662 148008 128443 484724 506356 786651 317137 240427 466574 240924 414620 112330 606309 482166 254634 812516 692516 991349 361959 392503 522126 361907 316132 578262 892144 89178
100
738223 188256 741700 611760 999414 497670 843245 365493 912454 755131 287850 487251 324033 773660 475218 436650 846048 629246 197075 474216 44135 647953 858062 736098 57310 937094 941590 845012 895108 48374 450939 892911 114966 341371 535364 399912 585017 377147 954620 95949 208699 73944 167754 889192 501290 333430 97809 763976 6889 916383 578204 55226 798227 92815 323188 311912 352341 536613 709018 27739 560136 702171 684981 530647 80549 140402 607290 869434 158979 272056 281704 987289 849435 741505 394315 895570 813561 903041 252612 166528 978403 867723 507065 46097 922296 184381 568359 461761 677520 57911 607078 305863 282886 680163 296021 980976 434906 846785 16222 986173
100
655918 94786 774658 704619 285855 263270 268007 315225 623476 609347 762353 340825 473500 822056 782738 969699 439713 282514 812612 584448 434445 514898 201258 736820 973495 228238 959535 187191 427210 294642 867031 692969 507253 985414 339065 177400 87484 385816 715130 877665 244713 606985 488574 322095 607561 70348 395114 975370 259265 259764 839074 760584 374868 676965 769657 701467 469150 108473 201866 53696 126871 314366 942616 145380 890350 690591 587677 618230 197009 857857 669803 2632 696199 680518 952590 460227 366560 833687 353995 760835 556653 512316 534311 718526 877285 682285 890468 26382 333898 255421 961292 64735 772486 340125 427061 742257 750145 39937 360346 864969
100
286999 12212 395398 608254 866933 372195 427417 877903 199007 562717 2505 637595 811834 248793 691594 369567 123189 837937 189817 441656 881989 656528 950276 374751 60455 29045 298164 869764 181054 553021 297919 640021 528494 940166 660217 425955 263333 252112 229724 524699 752002 738557 245518 697687 536266 799875 282487 269701 578515 866451 289550 901012 155032 977474 542598 612301 952979 156883 986876 537288 201586 419879 704026 645089 848627 4201 558583 734401 629388 274355 301569 763899 350891 251297 539754 690237 973445 566112 167263 330251 167219 825510 333988 884033 596669 724667 341037 238851 856513 688233 428808 15792 530663 897837 991946 798153 571036 814983 563589 416463
100
714572 442450 11877 400340 282180 791327 815351 646148 330070 302330 537299 673430 960880 944812 607587 47660 635135 130309 639600 769410 386946 902009 46106 826710 117488 631327 894526 949786 194034 404155 158876 959761 315414 27683 858019 801175 66679 834059 631504 722103 421237 145372 157773 145782 733597 273740 421336 359123 163877 200341 105282 858450 618275 700190 850334 502966 777687 301842 72828 671381 51944 237344 84238 499486 919969 999544 302224 725929 346060 296575 853585 953963 217335 383722 520875 233129 280901 28808 701685 592110 659694 398872 473419 567151 205189 692881 289794 806365 118954 134315 557781 797573 466272 875274 238323 26213 193015 824116 388742 250545
100
95701 81601 638056 494418 943773 405805 34117 440494 360990 326726 490570 14273 605233 412105 396929 883427 93955 619183 666933 392577 895508 859179 750391 517915 59581 94862 438660 264365 996583 410975 478044 302310 746919 5006 972783 766709 232385 501610 527803 978743 824707 203984 945710 560720 641780 466876 862732 779419 845844 786516 599564 321603 845527 660909 559961 494146 773586 801634 162466 379230 581147 597436 12376 151365 702886 397185 415176 562743 422697 56031 110797 6622 641050 414340 600339 279080 681502 891889 390209 286625 532748 351787 666040 351296 254693 263017 944119 858574 331417 548292 773595 166493 367240 472064 815709 470161 407622 362751 522378 942204
100
297349 876026 34166 230071 964652 179393 315328 525872 966080 434938 325174 906778 529896 202553 184614 314795 924236 916937 355731 407155 597913 967234 319081 919861 578096 183516 400884 692053 991769 340834 420332 900663 748847 723741 541021 770451 661662 436953 537484 794367 250228 414009 702292 469418 75445 884464 941681 801989 447759 185050 130001 47363 54836 455019 203117 865813 901215 180167 517422 849005 772619 600704 291889 473075 610518 632807 893530 925711 142764 535919 444427 332741 277747 464595 432330 806650 407594 441111 492039 62924 385475 530674 78639 45123 602722 294387 140648 728293 770523 928390 499424 138350 25494 410194 8499 622155 849585 770703 169638 906625
100
286587 874868 469248 447932 473305 13603 746420 112906 420555 355911 877077 198885 889193 306185 531939 877868 596465 942155 265214 769637 662859 157611 28192 882334 339122 319578 738804 92325 929169 742374 658147 57296 165905 284828 243706 55707 754119 980082 2386 989327 486884 158337 656061 414635 441794 308085 942975 835083 626416 904986 934137 553368 505030 504814 385119 657951 276994 158972 632953 961572 401052 573618 135053 646812 420366 32682 626225 813838 971441 623907 531105 619409 262418 227991 410541 277042 461884 549461 761174 467586 957161 108094 24455 375514 656416 984450 656386 704625 422785 969144 10262 795712 676974 400485 587212 600275 14313 468364 315821 782253
100
125119 606273 63404 757161 673819 195089 615056 832842 65050 434308 898369 11681 177090 637269 542301 386613 874993 981710 371653 535963 390232 660926 926269 671144 605217 803120 117319 846926 85022 761523 749061 226566 127720 57826 940545 527265 929993 145910 995348 853224 395424 413609 642120 716399 780727 196766 986410 140334 38344 365786 839361 221940 269469 598483 184407 607106 566348 996343 199017 839666 317958 396321 309003 213123 327216 945688 505216 926300 516134 353171 845646 465047 806882 798232 356642 211156 108237 87819 903536 220704 236082 943373 335569 420902 71596 244810 697740 252893 59831 713527 285645 638382 748206 110198 308453 579728 528814 369396 522919 286793
100
48291 490523 720180 454708 307927 186528 352774 57513 140416 305381 647287 944777 408507 346420 378228 112628 752616 995025 167332 611543 411943 755918 395194 737603 189614 568956 5010 986810 625582 147447 563021 472815 311083 512857 891695 439605 476837 203361 300807 675614 411774 521316 816825 871355 513214 329461 287949 789246 386160 922160 886706 387168 382561 810478 504525 44460 408039 788396 369282 760582 97712 987615 788221 513734 458961 838399 867570 642469 895226 398609 172427 764066 381311 40149 977519 815845 470711 44462 302171 265091 294716 456569 522531 4397 15770 210616 940689 547580 257477 525165 821086 715405 672470 920139 390008 608357 139165 70295 915780 197188
100
447411 94475 144224 860819 865780 529180 152890 202230 955324 493148 19611 865380 772204 190358 836275 288344 585799 424425 330189 656527 175319 337621 294408 469583 257284 341588 151122 938212 271162 455498 851812 917714 883263 186993 284198 338045 136108 432045 951501 126716 577919 463184 824052 852015 459677 33784 563561 587036 163203 741311 386375 427555 20407 804914 508311 950387 168232 329521 693689 680443 711899 656302 222445 197283 285847 138747 206744 580475 76359 461301 721424 758472 638404 435377 550835 771486 826343 125750 730967 415564 456587 939203 697350 930107 388153 401196 620537 383278 817172 744928 76979 41196 947632 729373 288165 980744 99717 534205 608749 830465
100
795487 81370 149888 392927 947129 458244 858338 995930 469236 137114 508401 636737 557310 165145 167286 853320 276011 977216 970690 212415 832400 433981 977851 333581 675480 347892 178990 190081 674336 825585 943906 671515 290481 828806 315410 633504 927024 343045 366864 884833 285053 863551 933375 199723 995998 486896 727560 866916 11234 978260 34441 270280 728162 195319 937440 535670 118096 890634 722683 363937 424355 850270 569638 429663 666223 687143 184805 628725 114808 114162 888475 625338 795983 127968 542653 458756 66223 951156 75884 802074 47174 731982 265322 491287 27736 300233 577435 447516 66778 4030 101679 609791 17227 779616 61375 673646 377484 564387 876765 145935
100
313344 286077 574755 95384 486250 142064 25145 791342 300680 407495 873165 678100 785097 85593 688389 216665 209427 540918 956531 807890 291633 817126 555096 87446 752850 307624 903730 798537 295101 913803 450402 142540 109740 263375 539650 444221 547010 975579 374367 629625 712911 997882 645154 173494 516241 367696 328713 754199 603912 287 40939 654040 231068 458498 533168 426282 593366 113395 301214 247077 457102 822147 751975 639509 818145 466846 465981 188904 560930 11249 631342 729300 535557 962560 998947 385226 485555 933962 353939 965905 51488 760157 572605 510368 690754 340882 927140 199485 892714 742173 438130 660843 632664 610865 952415 112694 878333 211775 104931 7984
100
102541 14054 835408 584919 25614 385658 404191 697837 564175 858436 532104 126802 143031 981961 323415 251428 277641 378007 203920 653531 415897 40492 585433 78754 723638 56499 46774 451225 51199 405219 890438 281358 370885 982118 328912 198284 751963 205574 460391 672991 42175 117002 664144 779546 287956 614668 422489 371601 976491 331897 503565 366038 297530 379250 120267 577880 245415 890413 231695 128612 507586 701202 800471 800854 346744 416976 245233 784159 396263 486541 181622 419292 76535 254629 629469 967965 230656 999178 926269 198173 592622 641577 201679 914098 406882 467394 906566 682363 998410 709954 874562 825398 501709 147349 491022 992361 241622 125936 543237 554545
100
110571 117888 272257 116983 135621 77149 111306 23562 1332 186815 185149 128740 90481 740393 892544 716674 87143 34725 409765 83171 613096 48333 729489 974967 85419 390046 137580 965043 576148 25765 348376 678808 349088 210463 824878 315213 684671 931380 802113 724250 640382 616145 104451 525321 672603 946963 891437 268941 878072 638032 505753 306964 456662 327572 475323 475090 133531 677967 875678 314113 176368 285581 614998 484515 498162 848546 345822 293080 283209 478109 939093 156543 457479 956471 60730 332174 883844 230187 714245 445562 673739 118056 423732 550505 485882 704971 835139 114990 696523 405948 2359 514052 674254 97489 586696 838882 483876 732384 472772 614506
100
96971 155921 549971 738930 461491 486836 667406 213852 259811 518179 264103 42471 866486 503058 104656 450286 740863 822520 65653 669886 105745 529178 317705 792312 657787 332240 453301 182279 115623 242662 395703 635620 342706 661018 231287 34020 14787 303097 102050 395020 814579 135033 889768 891142 230288 816486 453625 616344 164769 604835 126880 100504 577086 101188 735620 605591 223775 185588 940895 824144 929479 979479 92746 860069 224749 969033 518976 60386 571930 825364 759756 406937 922 744066 278738 170231 223001 678322 28922 487888 117390 144753 566607 180961 304417 33360 154201 972095 371048 954000 457445 473359 133258 199707 168749 728152 701760 552798 776147 169711
100
829578 252584 759499 727035 5538 704567 885422 448844 165534 623098 105656 916481 70501 483168 246968 736095 400565 236286 997794 394129 211535 108015 748662 606128 486895 555999 962634 226842 318897 824614 86468 351455 557985 17286 369122 566078 127084 180569 634923 456595 444178 21593 424802 774714 113611 25359 709532 53358 334424 837121 435637 196991 382546 570021 503384 827774 852818 315095 885476 571279 130579 572351 445902 606474 447191 146983 955468 740690 672228 406592 136884 269395 689772 837457 126144 167953 757860 885881 745493 927382 514709 914554 499079 297190 548076 535182 712868 490746 293689 963023 14248 848266 618556 206215 579514 484729 524250 763710 49108 892452
100
897338 908994 310405 332805 992254 481207 369588 214458 921226 881881 851492 514604 651337 747327 98646 583387 421777 954327 889177 298092 356283 532020 64028 477127 860545 523070 352730 635748 765397 511543 37615 924795 471921 652185 109392 664171 311430 262447 120217 272828 429882 710783 715682 921510 675981 11179 724706 715589 25760 47670 697562 286529 385151 709709 802893 117956 948625 977694 278637 855612 592387 360065 356811 800690 477587 175534 472992 833150 198177 915826 994358 912618 490747 591804 341479 907799 58792 779546 707025 454497 332906 758248 744660 601834 46977 934797 743866 1906 851220 736079 434425 75446 657358 256250 587830 337596 906293 446744 894216 365983
100
87357 194616 365158 679416 439218 273558 154470 499280 485557 183544 259160 356699 336139 469541 562915 9892 671691 243543 560584 233145 523697 984520 878156 656269 962480 251876 457273 219532 534607 576329 632607 457979 613861 823587 465318 703217 533569 737144 883016 788005 718109 606843 873648 65535 909411 434496 491318 68758 942095 512226 381216 771775 323943 684249 534148 793149 640578 357202 17838 515791 702040 328737 892781 723945 398453 648773 192984 888497 146358 54380 136082 455829 141933 945412 327974 951435 822527 177794 108696 508181 123536 312683 757229 825386 843705 392817 371462 588233 560772 587560 245855 824754 282574 582849 921492 808221 188243 986860 792609 714826
100
358526 473245 60064 991257 990993 374808 136649 547682 629745 983653 189301 466312 781578 928490 431435 545204 911201 623948 691156 89435 968425 926450 7851 304205 905466 813999 692658 259671 333558 138533 602051 184630 106062 276076 600848 214577 578747 851378 932180 225911 824773 130256 976401 160575 14624 54772 46462 406436 837245 334120 774610 335035 666251 319724 708155 812011 570524 867910 375061 841381 603504 77922 833396 585262 484805 549740 356735 145519 215818 21333 80493 720787 307087 805796 286211 517326 862734 823850 893254 167491 301637 629102 851398 396841 462124 105995 525035 759719 358121 12337 472684 700205 984408 108025 191453 770104 706544 826364 346044 310635
100
458588 608738 599246 73836 92030 524592 906218 900230 12475 241188 93218 542355 628670 757119 594604 930262 539684 412622 999457 697707 258946 407621 422259 987222 912793 285317 698849 773097 622178 539922 858162 360752 85941 995720 670721 709837 191536 909892 433672 103125 554390 317322 969345 133044 227714 848268 658509 84127 287852 742908 964973 421335 499920 600621 306649 135364 458209 892477 116138 439818 578343 174622 910890 891820 372353 523629 956327 492393 326506 652963 722874 244449 434241 603043 76663 20083 638264 540145 607920 657580 139161 673823 273621 899484 51983 443374 589530 231903 199772 779615 906803 33676 97844 510556 513321 907958 742031 723495 848742 219280
100
267238 74438 982132 866323 478938 685597 67061 360435 631910 60508 629295 306779 532084 604164 192018 404537 461559 246244 494269 566233 787749 293069 27613 231411 602116 832051 421791 504262 740958 634324 332203 323516 144206 642086 217356 449572 613882 547098 882907 727420 271712 21937 289263 919631 332797 145594 545905 31184 362353 325620 429535 652328 410911 148727 83692 784614 966104 109804 608754 893482 311514 120624 707832 787960 198557 783969 592635 764118 35809 677113 142274 554593 120725 386851 288948 859063 108973 471112 970974 536411 829503 337753 254431 712401 363338 694167 915886 390993 767742 299615 970842 399294 695189 190399 543599 675387 596215 336056 501190 67372
100
577936 429208 452090 619307 835774 616096 364685 358121 427519 544214 912082 720510 998737 888801 336611 756338 877195 778534 267754 522443 983305 231816 29302 673098 234145 187841 101529 755931 663959 725212 518752 327165 92897 129530 165163 987255 855148 992140 623915 954215 661012 778024 563890 322417 876444 541047 380931 23955 88628 748319 441620 837810 497846 251418 488076 75373 168716 514031 910364 767936 842288 332835 617545 498449 744850 457986 736088 396769 841511 943097 764706 831622 517547 405445 555114 891825 594731 844752 92683 771203 63613 986996 125271 823432 756850 309737 327873 881671 387941 439582 465447 83841 465746 928381 617492 777469 902592 421981 145463 555635
100
615969 354949 105333 855370 346280 655884 431074 921850 26496 634792 437698 671153 815681 966901 458560 77781 761266 805115 188190 847034 296940 637040 210601 902174 496201 345934 837096 892201 885876 505010 695481 741360 783342 973308 46681 910039 774670 643893 375483 101264 335523 885468 741733 20714 140847 406330 880428 287010 801434 612876 187447 174822 755216 884762 842532 956769 613055 692926 643106 572978 834661 45405 973334 956801 978586 111274 877553 391309 737 571134 566920 132677 123133 648072 752312 739306 461889 726188 821104 714631 68167 982106 223890 589946 780700 120466 689024 249305 134706 821319 8551 193020 412569 947005 959046 593470 14281 261514 36615 104950
100
712225 151455 352327 633463 136220 264333 867176 122025 894307 702222 366018 762239 643163 956632 125730 539283 661147 795207 865818 619474 685207 533874 826801 159353 743072 275052 857370 557531 786785 551438 172085 478207 437503 886126 766060 796887 10736 801124 961857 486493 691169 427785 448918 430266 790390 605840 865909 969475 584936 786011 135635 298707 120721 196074 898223 111445 408672 823943 330612 697461 288912 288391 596912 669201 46683 987330 828580 137576 670815 169815 761720 87529 249505 171952 550415 948197 818101 913397 743903 817651 583572 650208 937443 550092 134380 939538 527832 964497 599388 868416 377849 275856 630474 773424 604701 917888 995629 483326 93324 102862
100
375435 972763 614872 762564 320904 339479 928618 880619 418953 463334 741021 389232 506107 945563 187763 437265 868068 626256 744413 995247 248744 78229 172952 826183 727843 259305 212197 771844 276839 420284 115459 377759 406737 404715 832474 479764 187800 192193 127944 546917 508087 453262 829079 308508 203430 266013 852881 108675 208710 528819 858648 235559 241827 572307 384627 546147 982979 986783 359577 273963 65990 959598 621807 468843 600976 373890 375968 850068 490396 376834 905628 250898 121222 421753 5954 105514 700946 372473 805476 91883 201820 450753 438820 743554 821398 74125 324897 935992 116654 492155 710328 244308 32553 781922 773484 670942 454912 897848 760179 523982
100
222972 852248 394854 789516 37902 898952 570477 393558 912492 598763 222802 26612 120820 609498 558517 116585 519227 623182 766814 790014 477163 648526 618278 280366 253275 912794 687175 258085 359479 926510 989471 96989 286649 125149 826199 929574 290360 962549 198429 249291 307651 278441 150858 922634 786924 662737 302675 874431 463592 490090 347406 158738 877455 559903 665571 587549 587925 282143 231098 974087 114275 52855 23773 19550 250065 571448 111547 853490 745880 667471 677847 657497 455864 184731 896836 267335 722841 156679 873552 36328 21032 323581 886834 854424 582786 164276 57743 369466 97567 493861 779165 326862 580959 940546 674208 648187 874927 801087 165847 896414
100
410890 150617 805550 827769 754937 102150 870767 996648 219855 873380 538762 887618 763022 372961 701618 146002 259758 642794 614845 51201 829482 549923 561575 682860 618861 653631 606555 415183 397768 297437 618990 827276 853753 701250 339174 895100 129505 597057 106075 828606 158341 69996 52949 328343 299602 1922 758510 387567 372216 630443 767121 428615 620697 90361 888685 623228 911503 302524 290104 705302 499433 99737 726267 318999 917305 460886 930831 321048 956590 759290 698846 383901 192216 63035 439283 114494 643935 215358 950504 612104 930918 438889 359131 193863 821538 328013 280954 338075 773383 424168 113949 669025 518810 124183 736092 200397 307193 492066 769353 901346
100
71312 877363 616264 540368 539317 855973 331954 865946 989889 566601 573212 184073 328246 952192 618323 573909 462537 865949 422404 273525 258057 147634 966449 157999 680252 55543 603688 812298 687969 674101 581787 697250 97929 977427 103041 375520 662986 735153 499545 842446 194073 165139 321161 75115 306119 252371 220792 907766 219288 564558 973120 843542 50641 520163 557137 996680 302524 768471 136851 402335 752160 617078 164784 991284 682215 250192 36798 704847 80264 623276 93029 697736 967422 575759 465030 872041 710931 536277 930504 462566 640555 750920 766088 66927 154120 999428 818008 158157 597202 610002 976076 353747 334507 799282 180405 999664 83770 872738 861379 709449
100
404564 752224 792634 269693 119873 673163 725152 217675 471784 647360 229966 871534 268807 38495 79844 861529 65104 548121 769031 824814 368949 835414 24214 835203 559916 881133 611574 11622 660521 393866 962824 914537 232391 916555 575323 539975 107553 841136 492956 502870 570928 39976 443388 928339 641137 218610 941499 710441 724367 606771 23314 775468 691441 39564 212088 857985 673845 793996 174276 711556 401772 728489 796971 162068 392023 550781 215072 249314 594558 249138 508038 896807 126657 218111 808836 936343 921261 897405 849869 442222 395382 470615 230739 889100 485828 367052 12737 714147 590182 50014 309034 680166 947223 370035 105957 243178 307619 981180 842846 393855
100
835406 22121 639931 239474 595825 479278 578828 327104 135077 906116 462966 255777 212974 753265 14012 953232 668745 585939 233884 815122 150767 259063 396682 745425 564782 911756 693437 577373 732344 374904 496220 154610 433342 520079 615116 594540 285054 735880 724637 543943 7484 231980 267536 498100 149928 201598 207797 184219 470532 955329 919993 338110 906328 254479 362899 387296 461767 714937 780899 83426 495840 700642 980316 180719 819552 292156 901866 275729 801345 598036 624461 216265 222794 863416 524833 474589 892750 578912 254545 172067 421013 731334 521873 191992 605569 690737 374092 497657 711670 115537 790817 958411 19055 79640 229764 613842 733630 13087 451915 78216
100
296914 248383 507135 575657 810237 1246 697236 956084 20285 268665 458856 18828 784250 18142 337918 253813 148103 493840 712285 869251 206474 39082 623340 415664 989730 629127 109214 384694 164420 869587 781794 786982 628464 916900 121014 145371 633050 336502 85122 835860 812695 888713 195636 60839 198153 212067 145847 16968 861195 821265 698020 160885 667532 159061 119065 401607 361421 825036 965062 505851 212841 208473 179434 542987 204661 965825 46816 650854 7287 172098 364141 236924 637407 879004 523702 270748 999830 300157 708858 993930 280573 623532 375153 736094 182791 457001 291118 490683 308883 382174 26238 975091 858645 971899 474238 255722 926556 851280 931424 858444
100
755196 304459 850294 211084 111586 969673 741886 647126 719053 583922 475395 692276 277054 379367 124749 557642 245920 453887 525657 251036 325487 497922 250090 355918 609130 371589 463002 756427 102916 985084 265221 130657 930255 612015 487035 765499 358215 714615 754376 620095 661956 898777 397205 313848 402641 322124 826449 222438 73095 211678 754482 254739 334930 187126 247804 925580 679596 440732 730549 327499 605079 535164 145298 18456 4990 125043 149334 302175 767676 379127 789231 174975 542685 98096 920121 809459 612319 5082 339740 803150 876113 22953 125545 272817 975217 761985 358937 381809 936557 967246 212265 547756 10904 522349 64226 675846 492133 995139 810056 986272
100
934450 397473 812407 636851 932833 700321 964908 726526 587985 43491 729641 832484 837656 599951 233251 131491 455396 259452 871371 735934 74800 790053 710821 181325 609917 603422 196340 480268 698584 843472 17379 726624 822859 508864 385792 919034 334045 476381 141683 430596 828800 958252 791903 863721 120443 21659 432720 949410 799332 621645 709997 909116 834670 404290 672954 205441 911709 515443 459342 512219 731975 63414 658266 780880 641248 121354 862204 408024 360 486873 657118 866168 587757 227003 911205 390627 399377 171527 629280 898344 926732 784106 948647 804398 846622 503698 651468 731728 502841 373542 25152 106298 652293 55827 216284 743874 394069 812577 957232 369229
100
463972 237958 97223 623352 28110 641099 956654 150729 204944 965877 395820 701122 438961 810811 818389 905683 631187 943230 841273 868446 560460 557872 979332 411570 897001 721281 282273 838601 945237 47485 218720 627495 640077 267188 263069 748286 192645 952952 732277 288872 155515 981905 845059 540681 804407 881916 213510 704115 779839 191147 11310 901641 888766 80847 603858 132856 492428 725889 201362 413223 798967 130119 995135 859205 564585 936190 718757 953852 816689 27957 934179 965792 474156 170751 566007 578915 301573 337198 379426 704848 942763 295642 883839 267072 883093 894523 558907 945265 12595 829766 789368 511438 906693 379960 325085 576920 974413 513291 498072 44166
100
793112 695808 349520 976656 211215 259686 651268 163868 662218 181218 66319 534600 545936 759085 336625 486223 91184 897765 459788 608576 566260 52029 638753 350471 820511 115800 36037 449684 375636 270141 864101 508010 571812 974462 419058 30183 236308 808563 22406 959846 667738 642841 254786 321243 459755 47015 499143 550396 120729 48639 523996 167783 617609 957837 947068 571528 563984 921173 333032 740530 927056 653701 914222 374813 935710 350934 72231 697299 503522 300200 994498 627952 647086 761439 55401 267596 942234 915062 746837 690738 249026 834964 719408 322066 307094 71240 621802 863692 666212 821049 703060 514155 611258 28069 113617 185057 531565 644325 516224 754914
100
121989 52434 460653 408596 32232 910015 116936 289056 641603 977075 248422 336258 836602 101500 445727 675318 609240 77905 362838 559195 586345 78691 564712 841272 524645 93133 823782 835129 468998 26800 450070 591004 666426 483964 494390 366303 185569 777370 200334 115748 401507 704067 305749 684750 685086 769190 764407 791345 877562 535906 724721 716989 611968 357075 118484 231936 610437 338192 11836 652619 727613 880109 742302 966724 423163 765099 110785 962065 663007 18885 535140 778313 245002 368447 721855 386416 921336 322005 733110 386811 615336 430828 721508 806058 877700 108145 748906 994555 149295 67606 827740 630630 83464 711098 232737 286333 692634 12553 972349 398736
